1.08006e+06,1.93268e-12
-1325.57,8529.85
255.765,1153.22
7803.96,-14812.7
4435.18,-16742.1
5055.01,-5612.26
14009.2,7664.95
-3924.78,455.279
-1243.84,-1520.97
11585.2,-896.435
20701.7,-14166.7
77407.8,-47217.7
-92654.4,52611.5
-22358.4,2304.45
-30426,18061.7
-9679.63,20393.3
-11442.8,154.178
-5510.29,7565.21
-18033.9,-16771
-6194.59,461.71
-19390.4,31217.2
14806,5072.29
-19101.3,2342.86
58299,27355.3
-42849,-14875.9
-115.754,17553.9
-44687.8,-30582.3
-52650.7,-11938.1
74649.3,10824.3
34349.1,-73674.3
-39106.3,-7276.22
-31059.2,-8335.87
73241.5,-6891.7
5933.98,19017.9
-30406.8,-16896.5
-47971.4,-8762.66
-26464.8,25633.6
-21354.2,11186.8
-29612,-13121.7
9520.94,-46987.8
-40972.6,-25433.5
-12280.9,-17091.7
-2854.71,-63020.5
-69859.4,10308
7721.06,7573.15
-25807,57562
19553.5,63909.6
-129597,-46060.6
63845.9,-39422.2
-63499.1,-7104.96
-10145.4,-55556.5
61328.7,-80488.1
-35608.4,-20082.4
4702.79,25468.9
46958.6,-25641.1
45270.6,61741.4
-33036.1,59706.3
-2621.72,108634
41300.1,-65661
79099.9,29673.5
-50874.7,-37396.2
-59142.8,107982
-67786.8,-10562.1
-89264.6,83554.8
41171.8,38338.1
-63074.4,5999.57
109975,-39790.3
31578.4,-6806.13
21907.1,75327.6
35184.1,92025.4
-17148.2,20712.3
12510.7,-47264.9
-153168,16315.9
7196.83,-43304.5
15123.7,3170.93
82239.5,8237.37
5908.04,4589.09
-55424.5,36579.2
-13520.8,24767.6
48680.8,89917.2
-139174,183337
-33863.7,-87217.8
-37734.3,39622.5
-56456.4,-8087.76
-29168.8,-22389.1
5862.93,-24633.6
-55055.4,-38760.8
-12327.3,-32719.3
-24017.4,-46792
-17318.5,-15760.9
-30365.9,-16373.9
-18462.3,20897.9
4641.97,-29890
-2377.2,-1518.34
-6211.87,-20151.6
-13044.8,21773.2
-55227.5,12861.6
-50711.8,41993.2
-35916.4,-71482.2
-14085.4,-70163.3
-15738.2,-90604.8
25518.8,19584
16125.3,-10642.5
-24759.8,-204.474
-3793.96,-96988.3
67352.1,-12732.4
-68846.6,-90691.4
85412.1,68697.6
23951.9,-13365
154427,-127422
148676,47895.2
-108880,-28538
131634,19540.5
246401,-43738.4
19969.9,-60520
-25859.3,-246698
285734,242483
-572651,445783
-407477,-68063.7
710161,-411237
-44279.6,230017
-140940,43553
-244678,221780
-159060,229020
-457192,141094
287873,-350481
208673,230913
-557794,30239.9
5874.29,-127239
132813,29896.7
59688.6,47425.8
-88865,-16612.2
-49870.7,-84793.1
55878.5,-66004.8
119683,-214233
64124.6,-35469.2
61242.4,-130252
114508,-203378
16385.7,204459
-57540.5,93722.3
-23255.1,-11568.6
-141503,-6925.49
148022,54821.7
-98170.2,95754.2
20169.6,-21568.5
-7845.5,28652.2
90732.8,-725.023
-25918.9,64603.8
168023,-45586.7
96612.8,25259
12649.1,-13651.5
34235.5,-18746.3
64517.8,84663.5
-79424.5,-29430.9
-9445.49,80485.4
-51550.1,-1589.19
35103,-33631.2
-2899.02,3060.99
54306.4,-96439.3
27732.2,70541.2
-39763,33824.1
-10554.7,-3429.46
-74549.4,11019.4
-19262.3,-11453.1
-52575.7,24232.1
12296.8,-55163
79568.4,7666.83
-48481.3,-48049.1
-208.414,-10063.9
-21199.8,45383.3
-29666,47502.1
44562,4626.99
21498.1,8216.7
17512,-9053.01
61.2983,-6667.44
20462.6,9464.36
-15726.6,-16404.5
20794.1,-5387.67
31761.1,21529.2
-1772.14,30939.4
-4092.83,10520.5
1146.56,-11360.4
48975.7,32575.8
-37432.4,42022.1
-36219,29938.1
22722.5,43531.1
-34943.5,-45306.8
12526.5,-13013.7
-3032.43,8260.89
-16145,7523.87
-20387.8,6419.27
-32119.4,9311.24
-15934.2,-49733.3
29443.5,-6891.07
24407.3,-60610.1
15005.9,45064.5
-10469.8,-5337.04
25912.6,392.175
7505.51,545.36
9407.38,16983.2
7277.59,6274.87
13744,-37562.2
-26704.8,-2177.74
5681.08,-7237.04
33928.8,3432.72
13469.5,29067.9
2437.92,-5110.08
-175.382,419.695
11277,5788.12
-3590.43,1818.73
-30235.7,27627.9
-78349.1,-4664.86
-34793.5,-45530.6
-6747.54,-14666.2
19572.9,-34774.3
20293.4,-17039.2
13563.5,13445.2
7933.65,49650
7694.24,-34899.5
61642.5,12727.1
-9335.24,22432.4
36916.9,28459.2
-5472.58,57218.8
-49097.1,-8344.5
27606.1,-21286.8
15261.4,12537.2
24517.9,9464.76
-24641.2,40740.4
52600.6,-7517.53
-53973,23954
-21095.9,-29507.4
7440.19,-1615.03
-4028.67,-6939.92
-18319.8,361.417
15919.6,23788.7
-193.698,18929.7
-15112.8,23960.1
9474.17,-40768.9
26095.6,-781.07
350.12,-15105.7
8136.72,-15674.7
-12509.8,-1034.31
10914.9,-419.508
-8674.14,1811.74
-25570.7,-20505.5
30532.2,-34787.9
29008,-7314.56
12593.3,3549.59
13081.8,2862.99
8775.52,-2257.37
3448.66,5037.84
7007.43,7587.45
8990.79,13573.5
-6257.25,-4488.99
-6750.79,507.874
5854.03,10239.7
-1981.88,2597.66
-9713.74,10805.1
9668.1,2887.02
12694.7,10767.6
654.286,4445.87
-13610.2,-6788.98
-4534.3,-13267.7
33115.9,8372.02
5727.27,10713.7
-27579.6,9234.55
17723.6,15199.6
-26451.5,-3255.7
-17178.3,-4522.95
-9615.2,-45435
21136.8,-25651
19878.4,-5325.8
1235.81,-14421
42494.6,3041.16
1787.99,13703.5
53314.4,9828.18
-32925.5,32028.7
9039.54,-2723.08
-13628.9,-7345.17
2129.15,4123.96
-43927.5,-6855.33
-4472.92,17478.5
-5634.85,24671.2
-69843.5,-91121.7
-37044.9,1742.19
28355.5,95101.6
-24331.5,26505.9
5339.52,-7381.7
31356.9,79784.2
-37278.5,41232.7
-43991.3,2564.7
-47725.2,-49510.4
-25017.3,-67246.1
105727,1748.05
-23758.2,29884.7
-32230.9,91.3069
92236.6,-63307.2
19670.9,-2818.27
-14573,-69505.5
-51005.2,-6246.98
101397,70155.5
27277,-23489.8
313.554,-330.737
522.652,7427.97
19711.1,82758.6
-84502.4,140497
-27037,-75711
8296.76,-27851.1
-18623.9,-25645.9
38640.5,-12375.7
30460.9,10620.4
-411.564,44376.6
-23503.3,-2097.55
20270.8,-4798.13
-10425.6,-22769.5
28280.9,-14114.5
-26239.9,16591.3
-18442.6,-17375.4
-15953,-7092.4
-48450.9,-29799.5
12417.8,-110030
30774.7,12907.5
36988.7,-13412.5
22225.6,4732.11
-5783.09,40499.9
20440.3,13221.5
-655.607,9748.61
28871.5,36948.2
43808.8,1102.14
-2721.81,42611.8
12275.9,5922.62
-13445.8,246.846
-7353.16,12392.1
28284.5,24263.4
-19763.5,-5398.95
13998.3,-6883.35
-13777.5,-4732.4
26272.4,-374.071
-13410.7,-14352
-2164.59,3392.27
18449.7,32689.7
24460.1,8624.57
13427.5,5782.08
-40782.7,16277.1
-27254.6,-6575.32
-28984.1,-14003.7
22650.7,-10594.1
10975.4,9467.48
-9745.22,29165.3
-354.617,-12718.5
-11037.9,22414.7
-246.558,4360.68
2739.07,-1836.68
11431.6,-5767.21
8995.51,15965.7
9498.79,17935.3
20101.7,976.911
-11263.3,-4481.77
-8876.6,-1410.84
10723.3,5341.26
29.538,3596.16
-13204.3,-11635.6
-1142.91,2913.65
8421.53,8150.71
-9121.04,725.463
2057.7,5470.89
1687.12,1793.87
2651.99,-11728.5
-2556.94,-2942.41
-4314.26,1559.47
15391.5,-896.512
11276.6,5532.09
-3398.08,12120
-15771.3,-982.003
8737.18,-3721.8
3518.01,3002.91
-5520.58,-3632.59
5434.29,-5770.23
6223.94,1947.56
-1579.59,-190.352
-5132.41,4162.5
-5503.91,994.037
8922.35,-8718.79
-2503,-655.087
-967.878,191.852
3378.9,-4047.54
13084.1,-1133.5
12341.5,7522.79
-1262.42,8726.69
1796.24,-4338.3
-2827.75,2330.14
-7844.49,4566.01
-2315.24,2973.5
940.084,-7897.82
4069.91,-4524.23
3649.11,2842.48
5781.5,6718.49
6779.54,2951.11
10869.6,8357.38
-7606.35,1472.37
-1465.36,-11.149
2723.37,3890.13
-1845.24,-1060.15
1928.91,2936.8
-950.604,-11299.1
3153.49,9044.46
2486.96,3833.08
-552.232,4264.57
22276.1,467.526
-1317.82,1048.62
-701.055,-2030.12
-3180.5,-128.003
20769.4,-3487.88
-6816.8,-5278.68
2937.51,14488.6
13222.5,11166.5
-13346.7,-28039.5
-244.273,-4858.47
14837.8,17268.5
27810.4,35564
-4105.05,-9008.55
12329.8,-55543.1
17354.7,-3236.89
27332.5,37033.1
50585.8,-28485.7
-11207.3,97995
-59783.5,15706.5
23722.6,-1265.59
-9794.89,25753.6
-8654.45,25546.7
-5926.49,9281.47
-20014.9,-7412.33
26983.4,-15561.2
-41141.8,38260.8
-16536.1,-46328.3
27227.2,2870.62
-7881.89,2092.28
16.3163,16350.1
-19086.7,12043.9
-100.302,-17536
6217.12,14325.3
-9912.43,710.827
-4581.01,-2101.52
-6370.04,1508.6
-9235.59,-10330.4
-10631.9,7937.31
-1303.96,-612.282
-16785.6,5592.05
309.617,3895.97
10907.9,-3104.79
-7336.53,-2141.91
-2744.22,-1901.9
4901.76,-5726.13
-4471.03,-4303.66
-6065.93,-1071.55
1850.74,-2211.3
4887.4,-2030.8
-5566.49,5012.93
-581.686,-537.748
1056.61,-4297.29
6994.44,3997.82
-3068.42,1043.07
-1511.63,-7247
1988.01,1363.92
-714.06,-4194.95
147.285,2170.98
-1370.06,-393.412
-5993.56,8372.84
598.621,-1047.16
-2713.15,-4157.66
5361.83,1935.79
1113.08,-2248.23
-2234.71,-1344.01
688.708,4451.14
-11438,-903.473
1907.38,-7246.4
6101.53,-1125.12
-3928.62,3239.55
-2119.62,-213.372
3284.76,-2274.26
4545.84,-1326.13
-2491.28,2962.67
-7856.96,4944.04
-3941.28,2171.13
1059.76,-1713.72
-3016.99,-9377.1
-4715.98,-3702.82
2484.55,-2761.87
6273.37,-8475.56
-3158.47,-4064.94
11345.9,-199.926
7289.03,-6081.66
-4912.15,3779.19
4703.28,-2553.26
8732.43,-5671.27
3679.92,8893.66
3683.48,4087.47
-1976.33,-5073.57
-4771.7,612.33
-7733.89,9141.83
-3605.9,-4439.38
4509.97,957.795
362.779,8218.36
-9119.09,1582.9
2265.02,-5548.17
5159.82,-2461.53
5567.03,-4369.83
-3454.94,-694.282
9050.33,1970.25
2589.08,238.656
1820.99,-136.788
-4943.46,-596.229
1592.42,-472.237
531.443,-1555.01
2871.9,-1620.2
-1850.09,-2552.1
6783.07,2817.14
136.608,-1098.18
340.282,-2412.53
1490.2,-1668.27
-3269.97,2375.13
-2435.16,3484.43
-561.488,-3693.6
-5277.31,1357.07
-984.617,4627
-1167.91,2070.52
-6795.6,933.495
82.1437,1419.3
1322.37,-857.945
316.528,-1750.88
-2109.15,4449.52
2177.86,-2139.17
-1469.58,5094.95
-1188.13,-3166.61
251.632,4609.04
645.166,2285.33
-1115,5596.86
2137.63,-1731.05
-1509.97,-557.359
-2890.63,302.182
5542.79,-914.462
1224.61,7895.1
-11075.9,6870.52
216.098,-89.0118
-1406.41,-4058.35
4046.71,4378.17
-5474.66,3608.36
3424.33,-5512.87
8052.71,-3914.18
-1734.14,2143.6
7994.82,4387.53
-3329.34,3681.34
2070.71,9737.79
-4501.08,-3026.45
-2255.07,2661.26
-1410.04,11965.9
4938.09,-3712.8
-5224.24,3693.14
10191,-5566.28
-4341.22,-8721.84
-5291.79,7047.61
3999.28,4792.71
-584.706,-5623.41
-2161.92,2347.55
-2617.96,4299.3
4696.62,2488.57
-4482.38,-7483.7
-5869.92,-2590.93
-9561.05,4002.1
10951.9,-11154.8
3613.85,-3135.72
6834.61,-2201.69
8835.61,13577.4
9212.77,2880.83
808.531,15656.9
2980.68,10649.1
-962.954,-3959.1
1463.36,1650.2
4341.64,-1259.05
6294.35,779.584
3967.42,-2057.52
-1187.16,-1726.81
-3205.49,3750.48
467.207,8538.45
-1664.42,-1626.58
-1917.14,-521.85
6470.77,3355.25
700.414,-2937.46
10547.1,3252.17
-14232.5,7742.42
-7176.76,-7803.95
-1605.79,-7841.2
5756.26,-10212.1
-6856,-4726.15
10843.3,-3580.9
-4185.14,-12819.7
-4196.8,6580.18
3944.94,-2164.24
-9976.74,-2339.14
-4545.02,-11167.8
-9543.1,36.9627
13732.9,-3031.5
2191.58,6766.99
-4123.09,2238.14
6119.32,-10924.7
-1180.51,6423.51
2458.66,-4016.84
-1858.06,14.8315
-3445.53,-4249.17
2560.16,7619.23
-262.274,-487.271
-320.21,7038.7
-1122.91,-7577.99
2197.57,5312.91
1025.93,9173.27
105.332,-4597.65
-6109.72,10587.1
-1264.42,-1593.19
2521.4,1501
10053.4,1361.73
-4612.61,-1042.36
4766.67,5229.83
-1477.04,12788.4
3913.35,3113.33
-6551.07,13898
-14821.4,7661.49
294.587,-2859.82
2666.25,-3207.25
-9575.58,-725.839
-6075.78,-19204.7
566.41,-2598.43
3084.66,14659.8
-8438.24,2424.54
-1975.53,-2500.48
576.823,13823.6
-26529.5,-11686.6
-21134.1,7189.1
3592.61,-3941.74
7115.66,-7220.48
-14306.7,-4616.48
6767.79,-3559.77
20192.7,-9151.94
4508.49,-5981.06
9802.88,13118.3
22198.1,6771.03
-2135.87,14641.9
9844.76,6490.37
-22774.8,11512.1
22856.3,-7857.64
3860.14,-11599.1
-24557.3,15929.1
3779.26,4794.15
-1300.48,14656.2
-11635.8,15672.2
-16239.2,15962.3
3324.37,-6472.26
-1393.3,-4387.43
-8856.94,-15418.7
6615.48,11901.4
-14337.8,5901.11
5358.69,1248.61
-9861.12,-5403.98
2260.25,14474
31553.7,-29238.5
2312.63,15226.1
19694.6,7148.61
2462.23,-3837.62
-32712.2,38208
-25927.9,14464.1
-8210.04,-13540.8
-7962.87,2949.92
-6666.31,20026.3
-1965.76,6336.36
-8684.12,5065.11
3256.78,-18071.4
-19880.5,-5084
4445.11,-3550.47
6819.89,-1539.85
-2029.44,2431.17
4761.66,52.0453
-7219.3,21145.4
-23449.1,1228.16
-27621.7,-37387.7
18935.5,-1531.55
9025.49,-20668.3
-4474.58,17702.8
6001.82,-7995.36
-1291.52,-5398.28
14116.1,16335.6
-4491.66,8421.77
-4187.63,18394.4
-207.641,1600.47
5811.6,6.95431
-1850.68,-4573.45
2011.15,-4982.8
-10397.9,6164.16
-3580.7,-8871.93
2099.81,4564.01
3396.11,270.184
-2801.75,4818.76
-7084.25,-620.331
2157.58,9992.82
4482.54,-9601.86
-2610.95,-6899.14
11459.3,353.485
1247.34,-7932.2
13039.1,5769.4
3246.27,-8612.57
-3200.76,-14419.9
-7119.45,8361.08
8565.79,3378.39
-4062.31,4774.85
-4224.63,-810.734
4611.22,4482.27
-2314.88,3082.72
4116.72,1907.74
-3432.18,541.401
-4570.02,-106.792
-2812.15,-2003.49
-3840.42,3316.92
1263.64,7116.98
-1761.44,-5071.85
2359.68,5089.26
548.89,643.881
-98.655,2137.25
3890.44,-394.56
-1112.91,2331.02
-2124.65,1957.83
470.858,-223.529
1189.16,267.562
-3603.42,1241.35
-2956.82,-361.018
-567.541,-3571.44
-126.271,-3241.96
-588.972,-917.271
1185.89,965.101
-1472.34,871.63
1242,-3707.15
-2481.58,-1902
-1232.84,-3479.63
1815.52,3274.34
-5345.13,-1636.52
4309.34,235.601
3103.76,605.246
1127.58,2528.64
-309.564,2984.11
-1370.26,-2630.86
-6975.66,6588.83
-5011.82,2415.22
3679.5,-2524.33
-1348.3,4273.83
1635,1626.69
2766.88,-166.755
-1283.08,2327.66
1892.16,1387.44
-1310.26,-846.276
3135.46,-1148.53
-1498.74,2043.68
-4498.4,1306.73
2773.63,1642.34
-4398.28,-3335
832.898,-3723.87
-336.822,-1387.58
-1034.18,-3598.41
6753.43,1454.25
-2623.76,-1134.67
-3687.19,2736.79
3079.62,-3777.39
4406.61,-2671.4
-3672.19,1505.86
1499.86,-1393.31
3081.86,5260.32
7618.79,9394.32
-688.603,-4151
-7320.83,-2051.27
16.0812,4402.48
-4951.23,-5475.89
2292.35,-5416.8
1783.82,-3108.76
-2481.25,-1177.81
6393,1235.25
-8105.29,4086.3
-3631.26,9195.19
-5129.92,1696.57
-970.834,-8513.51
1104.58,81.7395
4913.52,2114.94
5289.71,1443.92
-781.278,-3607
1471.58,-28.1678
5297.22,-3559.84
4776.65,484.471
969.221,3070.81
2666.21,-2049.13
-10361.7,3048.86
-10641.3,11008.5
4006.06,4235.66
2322.85,2056.07
-5428.84,-6385.35
-238.001,8156.6
-355.139,-4969.57
-6414.81,2546.6
-1728.41,-9938.88
-1664.79,11623.7
4763.77,191.598
-1687.17,3928.85
753.234,1110.99
-2143.89,2377.17
-3626.58,10942.1
-4412.88,3375.3
-3379.78,-9982.3
5385.59,-5270.92
-2194.39,-6719.25
5279.8,-1441.28
4728.31,-4966.32
2002.61,3270.36
-6102.06,-1951.92
2691.6,-2347.96
-5030.51,3842.16
850.53,-479.023
-9475.4,1640.06
2341.28,4747.96
5187.37,17.1941
-8339.6,-9312.55
-4729.59,-1347.02
-6319.04,1378.29
3640.65,-3356.24
2472.75,3890.53
357.829,-3389.32
384.647,1649.5
3221.47,-976.704
-455.535,758.468
-2604.94,6109.47
260.272,-1237.04
7037.18,4165.84
4838.93,-4689.68
-1708.19,4195.7
-8408.83,-7975.15
-2993.26,-87.2138
3337.68,-386.148
4527.02,3343.91
661.467,1277.62
3234.78,-518.843
-2376.42,3129.32
-1123.31,5917.67
4119.23,-3126.7
666.986,1655.16
2135.41,-3975.62
1115.21,-4247.68
2887.28,-2668.16
-711.107,-823.231
428.296,-1992.86
-2076.25,-121.403
-3809.07,5972.81
406.943,-1221.92
1709.19,-819.067
4064.76,936.685
-664.555,-2916.34
-3133.71,1556.94
-186.255,2343.23
4674.78,-1873.28
2129.74,1756.82
-344.677,-2504.07
364.063,4186.77
-4434.89,-2589.22
1544.3,595.967
-5687.41,2459.35
1637.97,824.266
-1143.05,-1912.22
-3235,4850.14
169.006,600.97
151.633,842.393
189.436,2052.32
-1837.63,2529.57
3130.5,-36.7764
-1024.8,500.156
4174.15,-4154.68
612.553,1756.72
3176.83,415.813
1426.72,174.402
-1939.69,-2915.06
-1058.72,-3279.29
434.542,2988.68
1083.92,-948.154
981.157,3201.29
-4047.3,-3570.59
-875.676,190.421
61.6985,2176.16
-1367.97,5031.21
-1656.43,-858.027
1374.73,598.753
4238.58,2385.87
249.494,-192.15
2033.21,-453.143
982.704,960.81
790.512,-81.234
27.1238,-3160.41
2810.9,662.511
410.653,4338.53
1374.72,801.558
1991.14,-2996.3
-645.644,150.323
-1600.44,-1924.9
3907.38,-1000.87
2791.72,-102.554
4507.04,2062.68
-472.208,1688.21
-1133.5,-89.0927
1904.63,-2478.18
3775.58,3122.87
-656.202,154.285
3974.91,1775.3
2592.06,-785.791
-1848.74,961.304
2323.15,813.142
-1994.55,-187.067
-3984.42,-1206.86
1546.53,1599.5
-83.5695,-4668.32
2659.05,-2096.51
-2890.39,-1052.72
-2279.12,-883.119
4588.22,-2977.83
779.691,1296.8
-6960.92,3353.44
2046.62,-1189.58
-4975.47,-3742.98
-342.017,1366.47
-1731.37,1756.14
2619.76,14955.9
2184.1,-5766.67
-3614.43,90.1564
6249.02,-1042.24
3304.65,1800.17
-4825.9,-8070.1
-935.349,6377.93
-1439.39,-3684.72
-6917.96,-2211.39
-2687.15,-2944.14
-2363.42,3361.92
-381.811,6925.29
6034.82,-3308.3
-7285.18,-1085.56
71.1812,1578.19
-3974.87,9.54906
-603.838,1252.52
1866.25,-1534.48
-3828.34,-1524.05
3371.04,-571.603
5681.75,541.087
2291.63,2037.69
2225.57,1807.23
3267.75,1905.19
6336.99,-1944.1
4244.41,1429.05
-880.325,4197.75
-6497.9,-363.222
-1472.01,-50.4571
-3229.83,615.762
-1653.86,4270.92
331.275,314.957
-321.79,1018.48
965.727,1086.64
-1097.35,495.574
2879.72,-1257.87
-1562.5,3585.5
-22.4164,473.234
406.239,-1617.69
1530,3448.01
-1553.54,890.433
-163.178,27.7236
537.277,-454.478
550.099,474.244
77.8743,-847.803
-2286.45,-2384.57
-544.167,763.261
-3987.91,-176.578
-398.306,-819.433
-354.588,812.13
-2982.23,-487.146
-703.862,391.712
-1563.35,3039.01
-918.56,1647.74
933.3,1079.5
-748.454,-1052.8
1589.62,1285.83
-771.107,2239.39
-2064.59,3145.48
630.653,629.653
1168.62,1237.05
1110.23,-2266.21
-421.623,2255.01
1216.29,-2841.26
-4637.98,736.927
-2953.68,-1874.32
705.422,1165.24
3064.24,-1329.03
-1468.52,3163.21
3.66054,4459.38
3503.83,-5667.74
-1101.58,278.558
1299.81,224.555
-2001.84,45.727
3478.93,1789.76
745.696,1425.12
-2740.81,-2475.69
1209.97,-2370.13
-1894.64,-2043.15
3643.68,206.175
102.549,-3061.65
-2728.75,824.276
-339.55,722.635
-3369.77,1576.99
843.832,1829.11
-1924.82,677.409
-4587.93,-1346.02
-1229.46,-1386.49
-2526.99,1660.03
-597.671,-1620.81
-1798.11,-753.127
-646.885,1295.73
-1726.94,-2034.71
569.023,-1744.23
394.644,926.937
965.319,384.066
385.783,-25.9381
-492.856,2028.75
1082.76,-1741.56
-1850.35,-501.525
2264.84,106.343
-284,-837.046
-1005.3,1069.85
-309.674,-2427.55
-1416.28,-922.023
-90.8836,-878.038
-805.785,-1450.16
-862.978,354.077
-1712.61,2527.55
4517.36,789.54
-3726.68,-1747.61
1118.18,-1961.9
172.801,-617.918
1133.45,1491.32
880.536,458.564
169.561,-1151.75
941.656,2047.47
-846.529,-575.2
-2220.73,798.705
-923.666,-2122.56
1540.98,1491.84
-1282.5,820.297
183.553,-1886.82
644.256,665.359
918.241,-1294.42
-2208.35,1406.17
1672.02,551.968
-732.431,1350.85
702.192,2465.32
103.708,84.4762
485.14,-539.647
-776.814,-481.556
1033.42,2027.44
-2788.39,25.4837
-1353.61,1109.52
-832.088,934.152
-1509.55,-649.167
-2717.45,-316.707
-448.754,-2740.52
1546.43,817.445
1544,-1457.22
1651.82,-1639.76
-3337.33,424.373
2084.3,-1360.78
2006.83,1730.25
-2130.94,-3357.21
-1360.55,1195.26
423.33,2262.82
14.5465,-459.216
1943.05,-22.8788
971.066,1413.07
-396.144,592.809
-2193.88,-2852.64
-1000.01,573.675
2585.42,-944.342
-4822.68,1769.72
-372.463,-4087.92
1725.66,-867.402
2119.49,877.376
-713.511,-672.738
2980.26,-1210.58
-4422.48,-1705.26
-3282.95,2783.98
-942.835,100.153
-538.916,796.914
2400.56,-2338.86
-919.883,1417.57
-437.886,-227.48
-266.883,656.443
845.43,1806.51
1823.48,-1331.42
-467.642,525.637
1682.22,-473.894
668.984,2191.22
536.296,437.802
-613.491,972.787
2875.81,380.871
-3522.32,474.594
1069.99,502.385
2878.32,-1913.61
-1138.93,9.06413
-479.052,-1712.71
-828.168,1369.85
878.87,2820.25
-384.211,374.398
411.419,-140.858
-393.538,1196.57
-994.768,-1538.48
631.999,-410.293
-3053.42,1979.36
-2910.72,715.383
646.997,575.441
-1396.41,1512.29
-2002.41,2942.35
107.639,950.797
-756.612,-3061.31
850.776,-159.223
610.581,-512.484
-1995.75,-2121.42
-915.329,-108.823
-642.754,-196.093
667.548,359.52
-671.827,1402.95
-1327.42,-1127.5
-244.439,-1127.1
-2079.35,1556.28
102.997,989.345
1939.61,-1609.82
813.088,440.085
445.929,1251.29
-1022.85,-1720.31
-280.924,-223.89
-1457.96,-810.321
843.274,-167.582
382.315,-375.314
-1361.38,1755.04
-735.81,-1182.82
624.416,-622.457
211.165,1026.42
644.036,1942.8
470.715,967.104
-1222.48,-1174
1530.11,-3692.16
-523.789,-98.2551
345.478,-763.837
-2220.46,-2582.03
-1506.38,209.838
1008.27,303.916
-178.226,222.12
-432.773,2375.13
303.983,-421.336
580.23,-1072.74
400.146,743.625
-1813.52,-1856.3
-1868.25,1153.93
-3517.16,5117.06
2306.42,-603.832
-282.791,-800.849
188.391,-1152.1
10.5869,115.98
-1200.93,669.275
2361.36,1070.66
-3142.53,-681.952
-681.629,560.097
244.747,1120.65
-775.252,-998.983
256.028,-460.261
-1394.56,202.127
247.703,1052.41
736.011,1136.73
-1226.88,-45.4691
2960.38,-324.525
-1542.31,-1289.98
-2824.51,3171.11
-1194.21,2246.6
938.804,2246.54
1335.29,1588.97
-452.22,-788.935
-823.446,-749.377
1637.58,-1165.95
992.368,-138.706
-1574.98,-191.339
-320.241,-1550.63
52.415,-1521.94
-897.293,1767.03
1513.26,2340.43
1912.71,872.97
-792.415,-1.18105
1332.26,39.4593
1143.2,-568.253
-1400.63,2030.19
-1448.76,970.836
-1432.61,-130.473
5033.15,-43.0478
355.826,821.634
2108.4,-2373.56
-2812.89,495.276
-579.351,-1650.4
-743.685,1371.44
-264.511,269.145
-4277.3,351.603
308.035,1040.57
-732.489,-1074.17
-1186.1,-380.796
-3913.61,478.381
801.079,1464.89
-1693.25,-1212.52
980.817,-261.7
-2430.18,908.483
3105.81,-421.304
603.967,-43.4147
-985.817,-1770
327.687,-46.0181
-4179.73,676.781
2868.19,-648.443
504.983,1046.1
-1071.99,-1275.41
3316.46,773.088
845.296,2577.22
-4985.93,1661.57
-400.396,-4396.78
-3008.1,-3239.4
-3544.32,-1711.57
92.7156,1096.8
1417.2,1789.88
-12.8235,-2346.48
-759.861,-28.8995
-2828.03,-645.998
-1014.65,870.645
-2039.15,814.112
-1052.2,1681.04
366.004,-105.261
-1199.25,-357.96
-1407.28,1170.43
471.452,-51.0546
872.123,-606.227
2793.53,-800.648
-1129.2,-860.564
261.411,299.214
788.307,247.26
-381.345,86.0064
-1714.91,-965.941
-958.009,1236.7
-433.119,608.974
588.18,55.757
-846.535,442.964
929.462,31.8355
1592.95,20.6765
-2119.38,-419.544
-1491.77,-500.644
-63.1598,-571.493
783.045,805.495
919.891,303.053
905.692,151.578
-545.172,-135.987
-873.648,-467.495
-532.392,-243.905
1182.86,-868.225
-464.929,-1416.74
-1325.03,181.997
-1227.69,-1576.64
28.2998,65.4472
1187.07,-805.011
-851.117,1746.29
-268.268,1202.58
-1627.38,-305.89
-105.865,-2293.72
12.5892,-2268.9
-723.481,422.913
490.052,-541.9
-1184.55,842.522
69.278,53.0205
344.044,-431.569
213.333,-874.892
202.053,-335.934
846.587,-1043.01
-1779.12,-322.847
-585.597,-254.074
-150.91,-220.829
1208.87,-880.582
-58.0164,-761.087
-681.82,-736.888
-1406.23,1429.13
-153.494,-406.582
1571.45,-1750.42
-916.925,-538.138
-1404.4,-389.346
-644.571,-1015.5
57.011,1351.66
344.389,130.159
766.353,306.935
92.8529,1600.03
886.37,-129.215
275.036,-38.587
-290.832,148.106
-402.266,-510.527
870.04,545.054
468.634,13.8306
304.871,-249.176
-1730.71,-838.335
-40.9327,747.537
554.511,488.375
-528.141,1019.67
-607.041,-656.574
65.1948,333.038
-955.44,-201.65
183.661,546.898
-597.335,-366.131
960.914,506.529
-723.099,831.981
177.08,-310.346
547.892,-77.2232
-245.574,149.249
893.729,-206.467
138.125,-100.286
-542.28,510.943
109.749,-1055.69
-113.562,-1030.75
615.991,1738.52
-392.058,68.2512
-1111.73,294.282
-450.497,70.1519
1164.28,479.129
-1.40192,-686.467
-550.905,310.434
-426.622,52.3097
-254.141,171.151
-568.838,764.715
249.64,726.973
-702.01,-1443.32
11.9624,1318.07
248.84,831.295
183.973,-394.349
-116.392,-121.161
-842.69,188.574
-563.503,1060.14
39.2509,-1339.46
-129.045,1437.65
-240.176,-516.326
-985.415,1042.72
-1176.09,1353.89
111.373,-557.462
-123.582,1252.13
-46.2651,-385.45
288.188,1703.64
-1152.07,-328.418
-965.193,-1438.99
-451.827,1189.74
537.201,-67.5735
324.036,-87.2673
597.748,1778.12
575.992,-453.857
-241.075,-390.804
1342.67,1243.42
89.4535,-595.21
215.19,-214.974
384.231,372.57
-894.833,-700.257
-1512.73,1315.17
-168.739,941.443
590.346,447.465
-226.813,-326.03
86.5946,-789.902
-1262.48,-401.922
375.052,380.903
57.0681,97.2126
-303.269,-637.14
370.905,116.264
94.1281,-891.797
-464.887,-167.025
444.838,208.475
-1492.21,423.352
-990.484,565.599
-1208.87,674.051
75.3463,-16.6083
-53.7779,371.554
-284.588,-527.844
6.127,-1645.68
-163.716,-637.115
-464.247,-584.541
-406.692,36.508
113.398,-327.827
-29.3873,-602.785
169.415,444.498
-293.23,-605.994
288.856,-136.494
52.2095,-416.427
-330.034,1339
404.022,-225.189
593.722,515.368
-1343.89,-81.2992
1082.83,103.167
-641.56,-656.372
-117.529,-547.612
447.186,-200.398
-23.8305,488.973
35.6466,608.376
1070,-342.955
713.881,-374.285
823.998,573.207
305.244,703.352
346.435,-569.117
-1222.68,-81.976
111.419,-439.448
-121.28,-941.647
-1377.61,887.545
436.388,808.812
-415.207,697.745
256.706,402.126
-70.6537,-266.281
-368.971,357.398
-94.7377,-605.486
612.008,-489.822
-138.3,-938.12
-363.183,-702.522
-980.308,-27.5728
302.918,438.618
49.5347,5.58549
-478.201,505.858
853.987,297.481
-1460,-193.149
-925.361,367.387
-1070.17,461.282
887.043,-631.414
-1081.43,173.476
-1148.22,-120.277
430.762,182.979
-75.5219,-175.422
-253.504,-712.219
517.721,613.235
358.672,205.569
167.036,-319.786
573.973,122.967
104.467,-575.8
376.504,402.082
206.097,129.814
515.739,-1064.84
-242.847,144.381
88.8122,622.193
-898.406,273.73
-822.194,-997.356
497.618,219.471
48.7302,-134.912
-393.098,-191.543
-544.464,92.7096
-423.842,128.747
274.788,552.081
-691.305,251.95
-502.748,380.558
-117.21,16.4616
-512.185,-70.4811
-931.155,530.513
-112.259,232.419
-808.852,323.759
-53.5224,-330.29
-310.123,-614.39
-21.3364,180.318
322.701,714.984
-407.97,-107.654
-736.094,621.392
-448.559,-614.784
47.62,79.2284
454.478,485.134
188.784,-27.0208
-311.811,388.288
382.33,-57.7824
-320.98,36.7669
239.985,-372.666
-71.0841,-203.6
-262.477,250.589
312.616,-183.572
-136.735,234.786
-473.732,375.54
-292.353,-148.421
-476.622,-0.461213
185.994,364.12
146.781,154.062
-229.039,-191.353
437.621,83.5882
509.83,371.163
-40.5579,196.259
-222.936,-439.984
-26.0077,325.679
-397.225,-310.78
-283.626,-185.261
-3.48182,-112.261
222.494,482.732
-60.5045,497.696
233.666,33.3381
-154.513,506.41
-51.2254,325.958
-33.1658,-360.343
-365.773,-87.8894
-99.9346,-320.569
101.351,-48.0093
51.903,33.6121
-242.769,-225.3
-496.346,-0.467446
-99.5905,-204.986
-671.079,-77.9667
-102.979,178.476
-587.285,246.052
-86.8068,119.628
561.413,205.21
-133.615,-276.949
-324.851,-32.9132
-521.485,-7.11296
-140.167,-132.523
-278.221,-42.3444
-117.562,120.213
179.979,289.402
18.1247,-148.957
-266.703,230.677
-541.031,-41.3425
258.87,-157.124
-462.464,-75.0442
-219.582,-318.479
-289.959,249.327
-461.656,54.573
199.189,191.417
-348.296,-71.7682
163.411,-564.254
-149.953,80.7337
-18.1286,-180.48
35.7639,179.65
-195.956,398.084
273.778,0.223869
-246.702,-105.471
-371.805,4.84192
63.7483,-110.562
-48.4204,-147.505
-161.1,-347.681
-37.8246,242.166
-6.37042,336.359
-75.2751,100.029
-142.265,-67.7605
83.59,332.557
-327.408,69.1925
18.1064,-129.478
-37.8209,578.614
-197.721,34.8253
-186.946,-143.713
-251.643,-232.312
91.9687,410.787
-243.365,-541.412
-254.103,-19.0436
-31.2656,388.955
91.6751,-43.9415
-421.745,65.013
21.7588,640.147
-128.108,-173.051
-34.7441,-16.8509
-96.375,-298.896
-218.556,52.6783
-680.773,-56.2272
100.558,224.691
184.584,-52.9626
-335.594,-64.5403
-16.027,47.1782
-155.503,174.948
53.0964,23.5076
122.858,-142.214
262.916,78.9986
137.191,-241.568
-413.518,455.482
-409.082,524.254
-95.1898,-181.897
-196.522,7.8151
-511.929,-2.18638
83.9458,52.1201
36.4271,-277.155
375.05,-171.351
-22.4654,-4.49837
43.2403,459.749
116.992,360.88
-157.732,-651.403
-333.969,-20.6907
75.2268,435.169
-463.759,289.843
203.138,316.16
-243.422,481.091
-232.737,-108.49
56.5736,87.8304
104.461,-209.055
-345.978,420.163
203.665,-387.669
-201.252,236.948
-169.934,98.8513
-184.589,-9.89143
117.837,-399.402
-112.455,161.79
145.192,286.825
-279.433,269.119
-181.041,453.087
59.0394,321.159
-464.466,-208.334
-327.978,359.506
172.226,-105.782
-535.601,355.112
-52.8355,-130.129
-134.922,-112.835
-67.3392,53.9052
-100.645,-219.511
-542.613,136.683
-398.564,91.6458
124.545,277.964
-72.591,122.395
-37.3513,-30.8521
138.144,-200.341
-181.83,-136.927
-141.962,-301.498
367.806,-71.2283
-42.7846,89.0625
-29.2602,12.497
-106.225,211.742
-184.435,62.7073
-159.749,-222.017
-401.339,-470.767
-122.742,405.739
-330.2,51.0504
-234.692,-210.922
-563.748,-124.756
-114.401,253.842
177.536,35.9499
-376.544,287.184
-637.003,1.77803
72.0682,-114.496
144.711,-80.2063
2.76567,34.0539
25.8286,-185.248
-297.554,53.8673
-216.946,143.516
-301.588,18.3054
40.5318,-179.609
60.1106,239.839
41.6766,72.7311
-125.498,115.521
-110.378,-168.821
-477.445,-401.299
329.027,407.994
-197.856,211.709
-127.756,162.776
-123.956,-207.802
-500.37,-78.8215
138.555,108.139
360.118,-343.161
365.59,124.777
215.649,11.9171
329.997,-63.2705
-70.4928,182.625
-131.489,84.388
52.6347,44.433
-60.8129,-13.4879
-206.642,-62.5982
-27.2485,157.863
-39.6021,-81.2546
-33.1448,280.917
-54.0626,117.81
-71.4667,-55.4331
-28.3194,-92.237
-206.311,-87.4313
26.2942,144.609
136.308,482.696
321.876,-15.4423
35.5767,-26.3384
-226.915,71.6252
-53.8592,-97.8313
14.2557,332.511
-151.802,101.235
-28.1664,56.677
271.893,-52.1566
-75.2383,249.811
-427.326,-192.089
9.63065,168.011
-102.851,2.0398
-337.81,-216.73
57.4421,-21.62
-257.448,43.902
177.471,126.218
-354.323,14.9612
279.746,36.9691
168.36,79.1496
106.882,-66.3211
-103.126,16.5402
-477.161,271.083
-63.4522,276.796
26.1835,-102.713
-364.581,-61.39
-48.9454,50.7626
-364.639,63.0613
-302.238,490.032
-279.715,-122.698
-209.349,-90.9428
-251.293,120.386
-352.791,71.1964
-214.462,268.915
-61.92,183.569
13.5272,163.679
-138.538,299.618
-286.649,174.941
-223.474,-152.817
-234.657,326.117
-47.193,-32.1558
21.0429,295.467
-169.611,9.63591
-407.985,-121.572
382.719,-67.233
-350.392,365.329
-369.717,-330.202
-449.783,42.2609
-376.464,118.713
-47.369,172.036
-101.884,4.6871
68.413,195.122
14.8602,26.4111
-240.156,-46.818
-80.8582,-217.929
150.173,115.898
-229.09,-250.824
-137.019,-309.139
-218.29,274.876
191.585,27.2735
-426.333,246.673
-166.465,-71.7338
-225.019,28.3006
-187.84,104.717
-146.441,-107.587
419.636,7.94461
-138.963,-61.823
141.477,-153.601
16.6491,-158.518
-115.276,34.2443
-423.579,-141.65
-448.014,84.4703
-125.228,170.105
68.9833,235.303
-191.64,224.186
-52.3263,240.102
-576.679,269.591
-112.062,3.95962
-279.06,127.597
-207.254,2.33907
-59.597,139.767
-350.222,-21.7375
-532.086,289.267
61.0379,-2.60222
-135.013,-218.069
-239.015,54.2002
-271.788,-15.6373
94.9895,285.563
-147.536,61.5457
-407.404,-97.5716
93.3351,-63.551
-99.5554,-7.37137
-5.03621,-110.111
-572.073,-96.1158
-495.072,122.085
-360.631,-63.1836
-184.918,43.7602
-256.774,-50.5968
-219.333,5.54467
-33.1497,118.851
92.4341,47.2603
-349.033,-35.7846
-352.718,44.5598
33.0835,166.791
-88.213,168.269
-100.48,-46.0451
-150.593,159.339
-171.331,-12.989
-211.184,-66.4993
-251.318,152.833
-391.682,-8.00242
-269.013,21.484
-149.006,-156.402
-90.4011,116.08
-54.1261,-259.644
64.1504,-96.9561
276.174,94.4191
41.7217,48.3824
-348.313,48.4422
-233.791,41.5603
-152.611,-250.853
-352.295,29.903
-195.891,226.174
-114.129,-6.35353
-19.6238,39.4272
-172.593,102.252
-100.601,-47.1891
-181.354,181.159
-299.517,-82.4075
-175.46,-120.871
-215.58,98.9823
-40.8128,-75.405
11.651,110.591
-306.917,6.33821
-423.065,122.844
90.5228,-33.8896
-15.7561,165.317
-156.298,126.442
-2.11229,58.9516
-74.5909,10.3201
-366.493,48.7726
-194.246,-164.884
-312.178,183.566
-279.499,-212.547
-38.0744,101.346
-554.112,139.702
-87.415,8.13513
290.522,-56.1534
12.6722,87.8947
-61.0304,130.593
-155.318,119.621
-162.117,-46.6141
-262.258,99.7148
-39.6607,-86.4979
-330.711,63.0584
-106.644,114.953
92.5018,148.589
-701.203,170.363
-463.622,-201.024
-83.8564,-139.186
-49.1897,-222.751
-215.89,179.59
-364.795,-17.6684
-20.3995,244.531
-144.356,288.468
-366.579,-114.111
-254.328,214.918
-464.838,192.709
-31.243,-26.2746
-112.004,62.3772
-39.2865,-99.6914
6.54649,245.74
-529.834,164.781
-118.748,-137.909
-178.366,-151.041
15.6805,-53.0158
-149.843,-181.334
-207.214,-256.992
-191.741,-24.5316
-253.739,-410.782
-163.109,-55.556
-287.157,19.1788
36.8161,98.1917
-160.986,216.484
-102.096,144.28
-169.655,-117.967
-305.047,-267.105
-261.469,-46.0815
-6.45036,26.4381
10.5933,-88.005
-125.194,3.99773
-8.50875,-111.051
-49.3363,18.4435
-53.7105,266.599
-331.02,78.2507
-167.736,373.659
-154.077,78.9971
-197.605,46.578
-504.485,57.9167
-222.986,-12.4149
-117.931,206.48
-320.444,74.4969
-334.029,96.3859
-121.857,53.8791
-313.886,-31.9167
-116.227,-81.8332
-269.539,-85.7654
-436.69,54.8766
-131.242,62.8009
-26.0157,192.031
-164.454,137.514
-271.019,71.6769
-436.226,-102.455
52.7318,-208.337
-226.54,231.52
-98.9616,44.6253
-64.1032,-91.4226
8.63197,171.19
-5.51977,309.164
-226.498,198.131
-358.196,-100.27
-166.68,-9.36154
-202.846,193.522
-163.722,-330.588
-430.292,-111.303
-396.505,-2.93263
98.7819,177.407
-336.697,120.617
-146.744,-28.9183
-31.2714,166.515
-135.269,-75.9229
100.269,155.792
-157.006,-230.67
21.4322,88.9677
-263.222,131.933
-142.642,61.2637
-82.2792,67.52
-23.3656,-13.0183
-440.446,134.736
43.9246,-48.2577
-193.264,-20.7484
131.039,38.8385
-199.979,-20.1876
-270.44,-77.0012
-202.694,-63.0898
-31.0437,-22.7787
-479.176,-343.312
-37.7178,50.6443
-146.712,-20.6333
-101.453,-24.617
26.6198,145.008
-180.411,60.0098
-193.313,87.5654
14.5664,66.5865
-190.365,8.10758
-176.715,73.332
-137.937,134.241
-265.67,182.478
55.6815,132.748
-255.662,315.627
-344.31,158.171
-90.0584,31.5774
-230.713,155.667
167.136,-109.926
-254.634,-33.5196
-265.132,230.237
40.0956,78.8699
-9.48346,101.146
-347.285,37.4827
-67.6969,270.408
-139.4,-82.9746
-51.081,24.5165
-53.8263,295.552
-40.0479,146.69
-244.042,48.9201
-126.125,-21.556
-154.259,-102.704
-245.912,57.6721
-21.7658,93.1961
-234.781,-29.7598
-170.679,94.3128
-316.873,476.599
157.284,-4.34797
-81.6661,145.713
-30.5305,-142.534
-303.545,51.5606
79.0666,22.8034
48.7115,-76.8589
72.3634,17.7607
-18.836,-49.4166
50.8359,92.284
-3.67473,4.65198
-16.8219,76.5717
-65.6655,-94.2245
-151.62,79.1613
-194.293,210.063
-125.765,32.8485
-388.38,-121.39
-120.096,50.3517
-86.5384,-39.0915
-182.164,202.249
-227.713,-195.348
-206.694,0.188137
-71.3314,105.02
55.3322,168.136
-140.155,-102.698
-258.399,65.2886
-202.301,-61.7338
-38.7311,51.036
54.5265,-89.8525
-110.153,-34.004
48.3727,-98.9263
-49.9457,9.6658
64.6229,-125.215
-132.656,-60.7117
-154.816,-1.68307
-112.83,-149.679
-140.556,128.239
-104.03,-113.082
-164.423,-71.09
-126.09,93.6355
4.91962,-10.2527
-329.162,105.421
-253.458,269.487
-138.999,-5.60497
-301.302,-257.616
-226.076,52.4134
75.2368,-117.956
103.502,-48.8902
-72.3148,-14.1848
23.0095,44.9817
-223.084,-116.296
54.8276,-21.1616
-180.345,44.3555
-266.945,83.8052
-193.176,13.6582
-157.763,-15.0427
-347.611,-149.889
-258.256,73.8407
-40.658,-109.562
39.6449,-24.3406
-121.495,2.97242
13.5546,-29.7226
105.05,20.7171
-248.551,44.8319
-90.9363,-79.7351
-51.3608,140.245
-113.235,-51.2906
-92.0949,-56.3957
-19.8991,320.104
-175.883,173.595
-266.284,-106.798
-72.0729,104.452
-174.981,-50.3372
23.6474,216.426
-74.3802,-1.07279
-9.36071,-109.884
-117.664,10.092
-49.6553,16.8063
-78.1789,-111.204
-201.947,36.7128
-246.029,-53.6383
-219.092,-4.60226
-191.846,-275.324
-115.6,-18.3101
-172.95,49.1396
-158.569,111.93
-303.84,101.816
-362.902,34.7105
43.4132,-64.4676
-145.012,161.621
-110.683,-198.875
-139.587,276.572
-21.353,70.0067
-178.558,-40.2377
-199.834,21.8158
-82.3244,-49.2094
-364.414,42.2877
-231.503,175.238
-150.773,195.04
-46.0789,-161.202
35.9137,300.728
-151.454,-50.2876
-272.709,16.8588
-193.986,47.871
-202.63,-152.833
-50.1592,-255.659
-147.023,26.3646
-64.2701,77.1871
-185.196,-101.519
-211.467,-97.1924
-271.448,0.304166
-60.316,205.226
-180.18,73.4419
-143.145,-9.23944
-81.5241,-21.9606
-189.842,115.424
54.3343,48.3768
-238.084,127.763
-305.087,9.90564
-81.0624,-100.111
-230.937,43.1373
-144.952,-161.016
18.7072,178.588
-191.37,-48.5154
-114.391,2.41865
-33.3259,171.425
-216.419,27.9912
-233.61,-50.6425
-77.1283,125.182
-181.694,-200.924
-79.8546,-60.0221
-279.698,110.38
-57.3312,-142.126
-246.624,57.7952
-124.51,-1.62813
-174.579,-36.3211
-145.312,-103.092
-227.875,14.2297
-103.142,86.4815
-40.9062,102.783
-206.729,3.72116
-211.544,20.3589
-256.614,-242.194
-152,-5.45697e-12
-256.614,242.194
-211.544,-20.3589
-206.729,-3.72116
-40.9062,-102.783
-103.142,-86.4815
-227.875,-14.2297
-145.312,103.092
-174.579,36.3211
-124.51,1.62813
-246.624,-57.7952
-57.3312,142.126
-279.698,-110.38
-79.8546,60.0221
-181.694,200.924
-77.1283,-125.182
-233.61,50.6425
-216.419,-27.9912
-33.3259,-171.425
-114.391,-2.41865
-191.37,48.5154
18.7072,-178.588
-144.952,161.016
-230.937,-43.1373
-81.0624,100.111
-305.087,-9.90564
-238.084,-127.763
54.3343,-48.3768
-189.842,-115.424
-81.5241,21.9606
-143.145,9.23944
-180.18,-73.4419
-60.316,-205.226
-271.448,-0.304166
-211.467,97.1924
-185.196,101.519
-64.2701,-77.1871
-147.023,-26.3646
-50.1592,255.659
-202.63,152.833
-193.986,-47.871
-272.709,-16.8588
-151.454,50.2876
35.9137,-300.728
-46.0789,161.202
-150.773,-195.04
-231.503,-175.238
-364.414,-42.2877
-82.3244,49.2094
-199.834,-21.8158
-178.558,40.2377
-21.353,-70.0067
-139.587,-276.572
-110.683,198.875
-145.012,-161.621
43.4132,64.4676
-362.902,-34.7105
-303.84,-101.816
-158.569,-111.93
-172.95,-49.1396
-115.6,18.3101
-191.846,275.324
-219.092,4.60226
-246.029,53.6383
-201.947,-36.7128
-78.1789,111.204
-49.6553,-16.8063
-117.664,-10.092
-9.36071,109.884
-74.3802,1.07279
23.6474,-216.426
-174.981,50.3372
-72.0729,-104.452
-266.284,106.798
-175.883,-173.595
-19.8991,-320.104
-92.0949,56.3957
-113.235,51.2906
-51.3608,-140.245
-90.9363,79.7351
-248.551,-44.8319
105.05,-20.7171
13.5546,29.7226
-121.495,-2.97242
39.6449,24.3406
-40.658,109.562
-258.256,-73.8407
-347.611,149.889
-157.763,15.0427
-193.176,-13.6582
-266.945,-83.8052
-180.345,-44.3555
54.8276,21.1616
-223.084,116.296
23.0095,-44.9817
-72.3148,14.1848
103.502,48.8902
75.2368,117.956
-226.076,-52.4134
-301.302,257.616
-138.999,5.60497
-253.458,-269.487
-329.162,-105.421
4.91962,10.2527
-126.09,-93.6355
-164.423,71.09
-104.03,113.082
-140.556,-128.239
-112.83,149.679
-154.816,1.68307
-132.656,60.7117
64.6229,125.215
-49.9457,-9.6658
48.3727,98.9263
-110.153,34.004
54.5265,89.8525
-38.7311,-51.036
-202.301,61.7338
-258.399,-65.2886
-140.155,102.698
55.3322,-168.136
-71.3314,-105.02
-206.694,-0.188137
-227.713,195.348
-182.164,-202.249
-86.5384,39.0915
-120.096,-50.3517
-388.38,121.39
-125.765,-32.8485
-194.293,-210.063
-151.62,-79.1613
-65.6655,94.2245
-16.8219,-76.5717
-3.67473,-4.65198
50.8359,-92.284
-18.836,49.4166
72.3634,-17.7607
48.7115,76.8589
79.0666,-22.8034
-303.545,-51.5606
-30.5305,142.534
-81.6661,-145.713
157.284,4.34797
-316.873,-476.599
-170.679,-94.3128
-234.781,29.7598
-21.7658,-93.1961
-245.912,-57.6721
-154.259,102.704
-126.125,21.556
-244.042,-48.9201
-40.0479,-146.69
-53.8263,-295.552
-51.081,-24.5165
-139.4,82.9746
-67.6969,-270.408
-347.285,-37.4827
-9.48346,-101.146
40.0956,-78.8699
-265.132,-230.237
-254.634,33.5196
167.136,109.926
-230.713,-155.667
-90.0584,-31.5774
-344.31,-158.171
-255.662,-315.627
55.6815,-132.748
-265.67,-182.478
-137.937,-134.241
-176.715,-73.332
-190.365,-8.10758
14.5664,-66.5865
-193.313,-87.5654
-180.411,-60.0098
26.6198,-145.008
-101.453,24.617
-146.712,20.6333
-37.7178,-50.6443
-479.176,343.312
-31.0437,22.7787
-202.694,63.0898
-270.44,77.0012
-199.979,20.1876
131.039,-38.8385
-193.264,20.7484
43.9246,48.2577
-440.446,-134.736
-23.3656,13.0183
-82.2792,-67.52
-142.642,-61.2637
-263.222,-131.933
21.4322,-88.9677
-157.006,230.67
100.269,-155.792
-135.269,75.9229
-31.2714,-166.515
-146.744,28.9183
-336.697,-120.617
98.7819,-177.407
-396.505,2.93263
-430.292,111.303
-163.722,330.588
-202.846,-193.522
-166.68,9.36154
-358.196,100.27
-226.498,-198.131
-5.51977,-309.164
8.63197,-171.19
-64.1032,91.4226
-98.9616,-44.6253
-226.54,-231.52
52.7318,208.337
-436.226,102.455
-271.019,-71.6769
-164.454,-137.514
-26.0157,-192.031
-131.242,-62.8009
-436.69,-54.8766
-269.539,85.7654
-116.227,81.8332
-313.886,31.9167
-121.857,-53.8791
-334.029,-96.3859
-320.444,-74.4969
-117.931,-206.48
-222.986,12.4149
-504.485,-57.9167
-197.605,-46.578
-154.077,-78.9971
-167.736,-373.659
-331.02,-78.2507
-53.7105,-266.599
-49.3363,-18.4435
-8.50875,111.051
-125.194,-3.99773
10.5933,88.005
-6.45036,-26.4381
-261.469,46.0815
-305.047,267.105
-169.655,117.967
-102.096,-144.28
-160.986,-216.484
36.8161,-98.1917
-287.157,-19.1788
-163.109,55.556
-253.739,410.782
-191.741,24.5316
-207.214,256.992
-149.843,181.334
15.6805,53.0158
-178.366,151.041
-118.748,137.909
-529.834,-164.781
6.54649,-245.74
-39.2865,99.6914
-112.004,-62.3772
-31.243,26.2746
-464.838,-192.709
-254.328,-214.918
-366.579,114.111
-144.356,-288.468
-20.3995,-244.531
-364.795,17.6684
-215.89,-179.59
-49.1897,222.751
-83.8564,139.186
-463.622,201.024
-701.203,-170.363
92.5018,-148.589
-106.644,-114.953
-330.711,-63.0584
-39.6607,86.4979
-262.258,-99.7148
-162.117,46.6141
-155.318,-119.621
-61.0304,-130.593
12.6722,-87.8947
290.522,56.1534
-87.415,-8.13513
-554.112,-139.702
-38.0744,-101.346
-279.499,212.547
-312.178,-183.566
-194.246,164.884
-366.493,-48.7726
-74.5909,-10.3201
-2.11229,-58.9516
-156.298,-126.442
-15.7561,-165.317
90.5228,33.8896
-423.065,-122.844
-306.917,-6.33821
11.651,-110.591
-40.8128,75.405
-215.58,-98.9823
-175.46,120.871
-299.517,82.4075
-181.354,-181.159
-100.601,47.1891
-172.593,-102.252
-19.6238,-39.4272
-114.129,6.35353
-195.891,-226.174
-352.295,-29.903
-152.611,250.853
-233.791,-41.5603
-348.313,-48.4422
41.7217,-48.3824
276.174,-94.4191
64.1504,96.9561
-54.1261,259.644
-90.4011,-116.08
-149.006,156.402
-269.013,-21.484
-391.682,8.00242
-251.318,-152.833
-211.184,66.4993
-171.331,12.989
-150.593,-159.339
-100.48,46.0451
-88.213,-168.269
33.0835,-166.791
-352.718,-44.5598
-349.033,35.7846
92.4341,-47.2603
-33.1497,-118.851
-219.333,-5.54467
-256.774,50.5968
-184.918,-43.7602
-360.631,63.1836
-495.072,-122.085
-572.073,96.1158
-5.03621,110.111
-99.5554,7.37137
93.3351,63.551
-407.404,97.5716
-147.536,-61.5457
94.9895,-285.563
-271.788,15.6373
-239.015,-54.2002
-135.013,218.069
61.0379,2.60222
-532.086,-289.267
-350.222,21.7375
-59.597,-139.767
-207.254,-2.33907
-279.06,-127.597
-112.062,-3.95962
-576.679,-269.591
-52.3263,-240.102
-191.64,-224.186
68.9833,-235.303
-125.228,-170.105
-448.014,-84.4703
-423.579,141.65
-115.276,-34.2443
16.6491,158.518
141.477,153.601
-138.963,61.823
419.636,-7.94461
-146.441,107.587
-187.84,-104.717
-225.019,-28.3006
-166.465,71.7338
-426.333,-246.673
191.585,-27.2735
-218.29,-274.876
-137.019,309.139
-229.09,250.824
150.173,-115.898
-80.8582,217.929
-240.156,46.818
14.8602,-26.4111
68.413,-195.122
-101.884,-4.6871
-47.369,-172.036
-376.464,-118.713
-449.783,-42.2609
-369.717,330.202
-350.392,-365.329
382.719,67.233
-407.985,121.572
-169.611,-9.63591
21.0429,-295.467
-47.193,32.1558
-234.657,-326.117
-223.474,152.817
-286.649,-174.941
-138.538,-299.618
13.5272,-163.679
-61.92,-183.569
-214.462,-268.915
-352.791,-71.1964
-251.293,-120.386
-209.349,90.9428
-279.715,122.698
-302.238,-490.032
-364.639,-63.0613
-48.9454,-50.7626
-364.581,61.39
26.1835,102.713
-63.4522,-276.796
-477.161,-271.083
-103.126,-16.5402
106.882,66.3211
168.36,-79.1496
279.746,-36.9691
-354.323,-14.9612
177.471,-126.218
-257.448,-43.902
57.4421,21.62
-337.81,216.73
-102.851,-2.0398
9.63065,-168.011
-427.326,192.089
-75.2383,-249.811
271.893,52.1566
-28.1664,-56.677
-151.802,-101.235
14.2557,-332.511
-53.8592,97.8313
-226.915,-71.6252
35.5767,26.3384
321.876,15.4423
136.308,-482.696
26.2942,-144.609
-206.311,87.4313
-28.3194,92.237
-71.4667,55.4331
-54.0626,-117.81
-33.1448,-280.917
-39.6021,81.2546
-27.2485,-157.863
-206.642,62.5982
-60.8129,13.4879
52.6347,-44.433
-131.489,-84.388
-70.4928,-182.625
329.997,63.2705
215.649,-11.9171
365.59,-124.777
360.118,343.161
138.555,-108.139
-500.37,78.8215
-123.956,207.802
-127.756,-162.776
-197.856,-211.709
329.027,-407.994
-477.445,401.299
-110.378,168.821
-125.498,-115.521
41.6766,-72.7311
60.1106,-239.839
40.5318,179.609
-301.588,-18.3054
-216.946,-143.516
-297.554,-53.8673
25.8286,185.248
2.76567,-34.0539
144.711,80.2063
72.0682,114.496
-637.003,-1.77803
-376.544,-287.184
177.536,-35.9499
-114.401,-253.842
-563.748,124.756
-234.692,210.922
-330.2,-51.0504
-122.742,-405.739
-401.339,470.767
-159.749,222.017
-184.435,-62.7073
-106.225,-211.742
-29.2602,-12.497
-42.7846,-89.0625
367.806,71.2283
-141.962,301.498
-181.83,136.927
138.144,200.341
-37.3513,30.8521
-72.591,-122.395
124.545,-277.964
-398.564,-91.6458
-542.613,-136.683
-100.645,219.511
-67.3392,-53.9052
-134.922,112.835
-52.8355,130.129
-535.601,-355.112
172.226,105.782
-327.978,-359.506
-464.466,208.334
59.0394,-321.159
-181.041,-453.087
-279.433,-269.119
145.192,-286.825
-112.455,-161.79
117.837,399.402
-184.589,9.89143
-169.934,-98.8513
-201.252,-236.948
203.665,387.669
-345.978,-420.163
104.461,209.055
56.5736,-87.8304
-232.737,108.49
-243.422,-481.091
203.138,-316.16
-463.759,-289.843
75.2268,-435.169
-333.969,20.6907
-157.732,651.403
116.992,-360.88
43.2403,-459.749
-22.4654,4.49837
375.05,171.351
36.4271,277.155
83.9458,-52.1201
-511.929,2.18638
-196.522,-7.8151
-95.1898,181.897
-409.082,-524.254
-413.518,-455.482
137.191,241.568
262.916,-78.9986
122.858,142.214
53.0964,-23.5076
-155.503,-174.948
-16.027,-47.1782
-335.594,64.5403
184.584,52.9626
100.558,-224.691
-680.773,56.2272
-218.556,-52.6783
-96.375,298.896
-34.7441,16.8509
-128.108,173.051
21.7588,-640.147
-421.745,-65.013
91.6751,43.9415
-31.2656,-388.955
-254.103,19.0436
-243.365,541.412
91.9687,-410.787
-251.643,232.312
-186.946,143.713
-197.721,-34.8253
-37.8209,-578.614
18.1064,129.478
-327.408,-69.1925
83.59,-332.557
-142.265,67.7605
-75.2751,-100.029
-6.37042,-336.359
-37.8246,-242.166
-161.1,347.681
-48.4204,147.505
63.7483,110.562
-371.805,-4.84192
-246.702,105.471
273.778,-0.223869
-195.956,-398.084
35.7639,-179.65
-18.1286,180.48
-149.953,-80.7337
163.411,564.254
-348.296,71.7682
199.189,-191.417
-461.656,-54.573
-289.959,-249.327
-219.582,318.479
-462.464,75.0442
258.87,157.124
-541.031,41.3425
-266.703,-230.677
18.1247,148.957
179.979,-289.402
-117.562,-120.213
-278.221,42.3444
-140.167,132.523
-521.485,7.11296
-324.851,32.9132
-133.615,276.949
561.413,-205.21
-86.8068,-119.628
-587.285,-246.052
-102.979,-178.476
-671.079,77.9667
-99.5905,204.986
-496.346,0.467446
-242.769,225.3
51.903,-33.6121
101.351,48.0093
-99.9346,320.569
-365.773,87.8894
-33.1658,360.343
-51.2254,-325.958
-154.513,-506.41
233.666,-33.3381
-60.5045,-497.696
222.494,-482.732
-3.48182,112.261
-283.626,185.261
-397.225,310.78
-26.0077,-325.679
-222.936,439.984
-40.5579,-196.259
509.83,-371.163
437.621,-83.5882
-229.039,191.353
146.781,-154.062
185.994,-364.12
-476.622,0.461213
-292.353,148.421
-473.732,-375.54
-136.735,-234.786
312.616,183.572
-262.477,-250.589
-71.0841,203.6
239.985,372.666
-320.98,-36.7669
382.33,57.7824
-311.811,-388.288
188.784,27.0208
454.478,-485.134
47.62,-79.2284
-448.559,614.784
-736.094,-621.392
-407.97,107.654
322.701,-714.984
-21.3364,-180.318
-310.123,614.39
-53.5224,330.29
-808.852,-323.759
-112.259,-232.419
-931.155,-530.513
-512.185,70.4811
-117.21,-16.4616
-502.748,-380.558
-691.305,-251.95
274.788,-552.081
-423.842,-128.747
-544.464,-92.7096
-393.098,191.543
48.7302,134.912
497.618,-219.471
-822.194,997.356
-898.406,-273.73
88.8122,-622.193
-242.847,-144.381
515.739,1064.84
206.097,-129.814
376.504,-402.082
104.467,575.8
573.973,-122.967
167.036,319.786
358.672,-205.569
517.721,-613.235
-253.504,712.219
-75.5219,175.422
430.762,-182.979
-1148.22,120.277
-1081.43,-173.476
887.043,631.414
-1070.17,-461.282
-925.361,-367.387
-1460,193.149
853.987,-297.481
-478.201,-505.858
49.5347,-5.58549
302.918,-438.618
-980.308,27.5728
-363.183,702.522
-138.3,938.12
612.008,489.822
-94.7377,605.486
-368.971,-357.398
-70.6537,266.281
256.706,-402.126
-415.207,-697.745
436.388,-808.812
-1377.61,-887.545
-121.28,941.647
111.419,439.448
-1222.68,81.976
346.435,569.117
305.244,-703.352
823.998,-573.207
713.881,374.285
1070,342.955
35.6466,-608.376
-23.8305,-488.973
447.186,200.398
-117.529,547.612
-641.56,656.372
1082.83,-103.167
-1343.89,81.2992
593.722,-515.368
404.022,225.189
-330.034,-1339
52.2095,416.427
288.856,136.494
-293.23,605.994
169.415,-444.498
-29.3873,602.785
113.398,327.827
-406.692,-36.508
-464.247,584.541
-163.716,637.115
6.127,1645.68
-284.588,527.844
-53.7779,-371.554
75.3463,16.6083
-1208.87,-674.051
-990.484,-565.599
-1492.21,-423.352
444.838,-208.475
-464.887,167.025
94.1281,891.797
370.905,-116.264
-303.269,637.14
57.0681,-97.2126
375.052,-380.903
-1262.48,401.922
86.5946,789.902
-226.813,326.03
590.346,-447.465
-168.739,-941.443
-1512.73,-1315.17
-894.833,700.257
384.231,-372.57
215.19,214.974
89.4535,595.21
1342.67,-1243.42
-241.075,390.804
575.992,453.857
597.748,-1778.12
324.036,87.2673
537.201,67.5735
-451.827,-1189.74
-965.193,1438.99
-1152.07,328.418
288.188,-1703.64
-46.2651,385.45
-123.582,-1252.13
111.373,557.462
-1176.09,-1353.89
-985.415,-1042.72
-240.176,516.326
-129.045,-1437.65
39.2509,1339.46
-563.503,-1060.14
-842.69,-188.574
-116.392,121.161
183.973,394.349
248.84,-831.295
11.9624,-1318.07
-702.01,1443.32
249.64,-726.973
-568.838,-764.715
-254.141,-171.151
-426.622,-52.3097
-550.905,-310.434
-1.40192,686.467
1164.28,-479.129
-450.497,-70.1519
-1111.73,-294.282
-392.058,-68.2512
615.991,-1738.52
-113.562,1030.75
109.749,1055.69
-542.28,-510.943
138.125,100.286
893.729,206.467
-245.574,-149.249
547.892,77.2232
177.08,310.346
-723.099,-831.981
960.914,-506.529
-597.335,366.131
183.661,-546.898
-955.44,201.65
65.1948,-333.038
-607.041,656.574
-528.141,-1019.67
554.511,-488.375
-40.9327,-747.537
-1730.71,838.335
304.871,249.176
468.634,-13.8306
870.04,-545.054
-402.266,510.527
-290.832,-148.106
275.036,38.587
886.37,129.215
92.8529,-1600.03
766.353,-306.935
344.389,-130.159
57.011,-1351.66
-644.571,1015.5
-1404.4,389.346
-916.925,538.138
1571.45,1750.42
-153.494,406.582
-1406.23,-1429.13
-681.82,736.888
-58.0164,761.087
1208.87,880.582
-150.91,220.829
-585.597,254.074
-1779.12,322.847
846.587,1043.01
202.053,335.934
213.333,874.892
344.044,431.569
69.278,-53.0205
-1184.55,-842.522
490.052,541.9
-723.481,-422.913
12.5892,2268.9
-105.865,2293.72
-1627.38,305.89
-268.268,-1202.58
-851.117,-1746.29
1187.07,805.011
28.2998,-65.4472
-1227.69,1576.64
-1325.03,-181.997
-464.929,1416.74
1182.86,868.225
-532.392,243.905
-873.648,467.495
-545.172,135.987
905.692,-151.578
919.891,-303.053
783.045,-805.495
-63.1598,571.493
-1491.77,500.644
-2119.38,419.544
1592.95,-20.6765
929.462,-31.8355
-846.535,-442.964
588.18,-55.757
-433.119,-608.974
-958.009,-1236.7
-1714.91,965.941
-381.345,-86.0064
788.307,-247.26
261.411,-299.214
-1129.2,860.564
2793.53,800.648
872.123,606.227
471.452,51.0546
-1407.28,-1170.43
-1199.25,357.96
366.004,105.261
-1052.2,-1681.04
-2039.15,-814.112
-1014.65,-870.645
-2828.03,645.998
-759.861,28.8995
-12.8235,2346.48
1417.2,-1789.88
92.7156,-1096.8
-3544.32,1711.57
-3008.1,3239.4
-400.396,4396.78
-4985.93,-1661.57
845.296,-2577.22
3316.46,-773.088
-1071.99,1275.41
504.983,-1046.1
2868.19,648.443
-4179.73,-676.781
327.687,46.0181
-985.817,1770
603.967,43.4147
3105.81,421.304
-2430.18,-908.483
980.817,261.7
-1693.25,1212.52
801.079,-1464.89
-3913.61,-478.381
-1186.1,380.796
-732.489,1074.17
308.035,-1040.57
-4277.3,-351.603
-264.511,-269.145
-743.685,-1371.44
-579.351,1650.4
-2812.89,-495.276
2108.4,2373.56
355.826,-821.634
5033.15,43.0478
-1432.61,130.473
-1448.76,-970.836
-1400.63,-2030.19
1143.2,568.253
1332.26,-39.4593
-792.415,1.18105
1912.71,-872.97
1513.26,-2340.43
-897.293,-1767.03
52.415,1521.94
-320.241,1550.63
-1574.98,191.339
992.368,138.706
1637.58,1165.95
-823.446,749.377
-452.22,788.935
1335.29,-1588.97
938.804,-2246.54
-1194.21,-2246.6
-2824.51,-3171.11
-1542.31,1289.98
2960.38,324.525
-1226.88,45.4691
736.011,-1136.73
247.703,-1052.41
-1394.56,-202.127
256.028,460.261
-775.252,998.983
244.747,-1120.65
-681.629,-560.097
-3142.53,681.952
2361.36,-1070.66
-1200.93,-669.275
10.5869,-115.98
188.391,1152.1
-282.791,800.849
2306.42,603.832
-3517.16,-5117.06
-1868.25,-1153.93
-1813.52,1856.3
400.146,-743.625
580.23,1072.74
303.983,421.336
-432.773,-2375.13
-178.226,-222.12
1008.27,-303.916
-1506.38,-209.838
-2220.46,2582.03
345.478,763.837
-523.789,98.2551
1530.11,3692.16
-1222.48,1174
470.715,-967.104
644.036,-1942.8
211.165,-1026.42
624.416,622.457
-735.81,1182.82
-1361.38,-1755.04
382.315,375.314
843.274,167.582
-1457.96,810.321
-280.924,223.89
-1022.85,1720.31
445.929,-1251.29
813.088,-440.085
1939.61,1609.82
102.997,-989.345
-2079.35,-1556.28
-244.439,1127.1
-1327.42,1127.5
-671.827,-1402.95
667.548,-359.52
-642.754,196.093
-915.329,108.823
-1995.75,2121.42
610.581,512.484
850.776,159.223
-756.612,3061.31
107.639,-950.797
-2002.41,-2942.35
-1396.41,-1512.29
646.997,-575.441
-2910.72,-715.383
-3053.42,-1979.36
631.999,410.293
-994.768,1538.48
-393.538,-1196.57
411.419,140.858
-384.211,-374.398
878.87,-2820.25
-828.168,-1369.85
-479.052,1712.71
-1138.93,-9.06413
2878.32,1913.61
1069.99,-502.385
-3522.32,-474.594
2875.81,-380.871
-613.491,-972.787
536.296,-437.802
668.984,-2191.22
1682.22,473.894
-467.642,-525.637
1823.48,1331.42
845.43,-1806.51
-266.883,-656.443
-437.886,227.48
-919.883,-1417.57
2400.56,2338.86
-538.916,-796.914
-942.835,-100.153
-3282.95,-2783.98
-4422.48,1705.26
2980.26,1210.58
-713.511,672.738
2119.49,-877.376
1725.66,867.402
-372.463,4087.92
-4822.68,-1769.72
2585.42,944.342
-1000.01,-573.675
-2193.88,2852.64
-396.144,-592.809
971.066,-1413.07
1943.05,22.8788
14.5465,459.216
423.33,-2262.82
-1360.55,-1195.26
-2130.94,3357.21
2006.83,-1730.25
2084.3,1360.78
-3337.33,-424.373
1651.82,1639.76
1544,1457.22
1546.43,-817.445
-448.754,2740.52
-2717.45,316.707
-1509.55,649.167
-832.088,-934.152
-1353.61,-1109.52
-2788.39,-25.4837
1033.42,-2027.44
-776.814,481.556
485.14,539.647
103.708,-84.4762
702.192,-2465.32
-732.431,-1350.85
1672.02,-551.968
-2208.35,-1406.17
918.241,1294.42
644.256,-665.359
183.553,1886.82
-1282.5,-820.297
1540.98,-1491.84
-923.666,2122.56
-2220.73,-798.705
-846.529,575.2
941.656,-2047.47
169.561,1151.75
880.536,-458.564
1133.45,-1491.32
172.801,617.918
1118.18,1961.9
-3726.68,1747.61
4517.36,-789.54
-1712.61,-2527.55
-862.978,-354.077
-805.785,1450.16
-90.8836,878.038
-1416.28,922.023
-309.674,2427.55
-1005.3,-1069.85
-284,837.046
2264.84,-106.343
-1850.35,501.525
1082.76,1741.56
-492.856,-2028.75
385.783,25.9381
965.319,-384.066
394.644,-926.937
569.023,1744.23
-1726.94,2034.71
-646.885,-1295.73
-1798.11,753.127
-597.671,1620.81
-2526.99,-1660.03
-1229.46,1386.49
-4587.93,1346.02
-1924.82,-677.409
843.832,-1829.11
-3369.77,-1576.99
-339.55,-722.635
-2728.75,-824.276
102.549,3061.65
3643.68,-206.175
-1894.64,2043.15
1209.97,2370.13
-2740.81,2475.69
745.696,-1425.12
3478.93,-1789.76
-2001.84,-45.727
1299.81,-224.555
-1101.58,-278.558
3503.83,5667.74
3.66054,-4459.38
-1468.52,-3163.21
3064.24,1329.03
705.422,-1165.24
-2953.68,1874.32
-4637.98,-736.927
1216.29,2841.26
-421.623,-2255.01
1110.23,2266.21
1168.62,-1237.05
630.653,-629.653
-2064.59,-3145.48
-771.107,-2239.39
1589.62,-1285.83
-748.454,1052.8
933.3,-1079.5
-918.56,-1647.74
-1563.35,-3039.01
-703.862,-391.712
-2982.23,487.146
-354.588,-812.13
-398.306,819.433
-3987.91,176.578
-544.167,-763.261
-2286.45,2384.57
77.8743,847.803
550.099,-474.244
537.277,454.478
-163.178,-27.7236
-1553.54,-890.433
1530,-3448.01
406.239,1617.69
-22.4164,-473.234
-1562.5,-3585.5
2879.72,1257.87
-1097.35,-495.574
965.727,-1086.64
-321.79,-1018.48
331.275,-314.957
-1653.86,-4270.92
-3229.83,-615.762
-1472.01,50.4571
-6497.9,363.222
-880.325,-4197.75
4244.41,-1429.05
6336.99,1944.1
3267.75,-1905.19
2225.57,-1807.23
2291.63,-2037.69
5681.75,-541.087
3371.04,571.603
-3828.34,1524.05
1866.25,1534.48
-603.838,-1252.52
-3974.87,-9.54906
71.1812,-1578.19
-7285.18,1085.56
6034.82,3308.3
-381.811,-6925.29
-2363.42,-3361.92
-2687.15,2944.14
-6917.96,2211.39
-1439.39,3684.72
-935.349,-6377.93
-4825.9,8070.1
3304.65,-1800.17
6249.02,1042.24
-3614.43,-90.1564
2184.1,5766.67
2619.76,-14955.9
-1731.37,-1756.14
-342.017,-1366.47
-4975.47,3742.98
2046.62,1189.58
-6960.92,-3353.44
779.691,-1296.8
4588.22,2977.83
-2279.12,883.119
-2890.39,1052.72
2659.05,2096.51
-83.5695,4668.32
1546.53,-1599.5
-3984.42,1206.86
-1994.55,187.067
2323.15,-813.142
-1848.74,-961.304
2592.06,785.791
3974.91,-1775.3
-656.202,-154.285
3775.58,-3122.87
1904.63,2478.18
-1133.5,89.0927
-472.208,-1688.21
4507.04,-2062.68
2791.72,102.554
3907.38,1000.87
-1600.44,1924.9
-645.644,-150.323
1991.14,2996.3
1374.72,-801.558
410.653,-4338.53
2810.9,-662.511
27.1238,3160.41
790.512,81.234
982.704,-960.81
2033.21,453.143
249.494,192.15
4238.58,-2385.87
1374.73,-598.753
-1656.43,858.027
-1367.97,-5031.21
61.6985,-2176.16
-875.676,-190.421
-4047.3,3570.59
981.157,-3201.29
1083.92,948.154
434.542,-2988.68
-1058.72,3279.29
-1939.69,2915.06
1426.72,-174.402
3176.83,-415.813
612.553,-1756.72
4174.15,4154.68
-1024.8,-500.156
3130.5,36.7764
-1837.63,-2529.57
189.436,-2052.32
151.633,-842.393
169.006,-600.97
-3235,-4850.14
-1143.05,1912.22
1637.97,-824.266
-5687.41,-2459.35
1544.3,-595.967
-4434.89,2589.22
364.063,-4186.77
-344.677,2504.07
2129.74,-1756.82
4674.78,1873.28
-186.255,-2343.23
-3133.71,-1556.94
-664.555,2916.34
4064.76,-936.685
1709.19,819.067
406.943,1221.92
-3809.07,-5972.81
-2076.25,121.403
428.296,1992.86
-711.107,823.231
2887.28,2668.16
1115.21,4247.68
2135.41,3975.62
666.986,-1655.16
4119.23,3126.7
-1123.31,-5917.67
-2376.42,-3129.32
3234.78,518.843
661.467,-1277.62
4527.02,-3343.91
3337.68,386.148
-2993.26,87.2138
-8408.83,7975.15
-1708.19,-4195.7
4838.93,4689.68
7037.18,-4165.84
260.272,1237.04
-2604.94,-6109.47
-455.535,-758.468
3221.47,976.704
384.647,-1649.5
357.829,3389.32
2472.75,-3890.53
3640.65,3356.24
-6319.04,-1378.29
-4729.59,1347.02
-8339.6,9312.55
5187.37,-17.1941
2341.28,-4747.96
-9475.4,-1640.06
850.53,479.023
-5030.51,-3842.16
2691.6,2347.96
-6102.06,1951.92
2002.61,-3270.36
4728.31,4966.32
5279.8,1441.28
-2194.39,6719.25
5385.59,5270.92
-3379.78,9982.3
-4412.88,-3375.3
-3626.58,-10942.1
-2143.89,-2377.17
753.234,-1110.99
-1687.17,-3928.85
4763.77,-191.598
-1664.79,-11623.7
-1728.41,9938.88
-6414.81,-2546.6
-355.139,4969.57
-238.001,-8156.6
-5428.84,6385.35
2322.85,-2056.07
4006.06,-4235.66
-10641.3,-11008.5
-10361.7,-3048.86
2666.21,2049.13
969.221,-3070.81
4776.65,-484.471
5297.22,3559.84
1471.58,28.1678
-781.278,3607
5289.71,-1443.92
4913.52,-2114.94
1104.58,-81.7395
-970.834,8513.51
-5129.92,-1696.57
-3631.26,-9195.19
-8105.29,-4086.3
6393,-1235.25
-2481.25,1177.81
1783.82,3108.76
2292.35,5416.8
-4951.23,5475.89
16.0812,-4402.48
-7320.83,2051.27
-688.603,4151
7618.79,-9394.32
3081.86,-5260.32
1499.86,1393.31
-3672.19,-1505.86
4406.61,2671.4
3079.62,3777.39
-3687.19,-2736.79
-2623.76,1134.67
6753.43,-1454.25
-1034.18,3598.41
-336.822,1387.58
832.898,3723.87
-4398.28,3335
2773.63,-1642.34
-4498.4,-1306.73
-1498.74,-2043.68
3135.46,1148.53
-1310.26,846.276
1892.16,-1387.44
-1283.08,-2327.66
2766.88,166.755
1635,-1626.69
-1348.3,-4273.83
3679.5,2524.33
-5011.82,-2415.22
-6975.66,-6588.83
-1370.26,2630.86
-309.564,-2984.11
1127.58,-2528.64
3103.76,-605.246
4309.34,-235.601
-5345.13,1636.52
1815.52,-3274.34
-1232.84,3479.63
-2481.58,1902
1242,3707.15
-1472.34,-871.63
1185.89,-965.101
-588.972,917.271
-126.271,3241.96
-567.541,3571.44
-2956.82,361.018
-3603.42,-1241.35
1189.16,-267.562
470.858,223.529
-2124.65,-1957.83
-1112.91,-2331.02
3890.44,394.56
-98.655,-2137.25
548.89,-643.881
2359.68,-5089.26
-1761.44,5071.85
1263.64,-7116.98
-3840.42,-3316.92
-2812.15,2003.49
-4570.02,106.792
-3432.18,-541.401
4116.72,-1907.74
-2314.88,-3082.72
4611.22,-4482.27
-4224.63,810.734
-4062.31,-4774.85
8565.79,-3378.39
-7119.45,-8361.08
-3200.76,14419.9
3246.27,8612.57
13039.1,-5769.4
1247.34,7932.2
11459.3,-353.485
-2610.95,6899.14
4482.54,9601.86
2157.58,-9992.82
-7084.25,620.331
-2801.75,-4818.76
3396.11,-270.184
2099.81,-4564.01
-3580.7,8871.93
-10397.9,-6164.16
2011.15,4982.8
-1850.68,4573.45
5811.6,-6.95431
-207.641,-1600.47
-4187.63,-18394.4
-4491.66,-8421.77
14116.1,-16335.6
-1291.52,5398.28
6001.82,7995.36
-4474.58,-17702.8
9025.49,20668.3
18935.5,1531.55
-27621.7,37387.7
-23449.1,-1228.16
-7219.3,-21145.4
4761.66,-52.0453
-2029.44,-2431.17
6819.89,1539.85
4445.11,3550.47
-19880.5,5084
3256.78,18071.4
-8684.12,-5065.11
-1965.76,-6336.36
-6666.31,-20026.3
-7962.87,-2949.92
-8210.04,13540.8
-25927.9,-14464.1
-32712.2,-38208
2462.23,3837.62
19694.6,-7148.61
2312.63,-15226.1
31553.7,29238.5
2260.25,-14474
-9861.12,5403.98
5358.69,-1248.61
-14337.8,-5901.11
6615.48,-11901.4
-8856.94,15418.7
-1393.3,4387.43
3324.37,6472.26
-16239.2,-15962.3
-11635.8,-15672.2
-1300.48,-14656.2
3779.26,-4794.15
-24557.3,-15929.1
3860.14,11599.1
22856.3,7857.64
-22774.8,-11512.1
9844.76,-6490.37
-2135.87,-14641.9
22198.1,-6771.03
9802.88,-13118.3
4508.49,5981.06
20192.7,9151.94
6767.79,3559.77
-14306.7,4616.48
7115.66,7220.48
3592.61,3941.74
-21134.1,-7189.1
-26529.5,11686.6
576.823,-13823.6
-1975.53,2500.48
-8438.24,-2424.54
3084.66,-14659.8
566.41,2598.43
-6075.78,19204.7
-9575.58,725.839
2666.25,3207.25
294.587,2859.82
-14821.4,-7661.49
-6551.07,-13898
3913.35,-3113.33
-1477.04,-12788.4
4766.67,-5229.83
-4612.61,1042.36
10053.4,-1361.73
2521.4,-1501
-1264.42,1593.19
-6109.72,-10587.1
105.332,4597.65
1025.93,-9173.27
2197.57,-5312.91
-1122.91,7577.99
-320.21,-7038.7
-262.274,487.271
2560.16,-7619.23
-3445.53,4249.17
-1858.06,-14.8315
2458.66,4016.84
-1180.51,-6423.51
6119.32,10924.7
-4123.09,-2238.14
2191.58,-6766.99
13732.9,3031.5
-9543.1,-36.9627
-4545.02,11167.8
-9976.74,2339.14
3944.94,2164.24
-4196.8,-6580.18
-4185.14,12819.7
10843.3,3580.9
-6856,4726.15
5756.26,10212.1
-1605.79,7841.2
-7176.76,7803.95
-14232.5,-7742.42
10547.1,-3252.17
700.414,2937.46
6470.77,-3355.25
-1917.14,521.85
-1664.42,1626.58
467.207,-8538.45
-3205.49,-3750.48
-1187.16,1726.81
3967.42,2057.52
6294.35,-779.584
4341.64,1259.05
1463.36,-1650.2
-962.954,3959.1
2980.68,-10649.1
808.531,-15656.9
9212.77,-2880.83
8835.61,-13577.4
6834.61,2201.69
3613.85,3135.72
10951.9,11154.8
-9561.05,-4002.1
-5869.92,2590.93
-4482.38,7483.7
4696.62,-2488.57
-2617.96,-4299.3
-2161.92,-2347.55
-584.706,5623.41
3999.28,-4792.71
-5291.79,-7047.61
-4341.22,8721.84
10191,5566.28
-5224.24,-3693.14
4938.09,3712.8
-1410.04,-11965.9
-2255.07,-2661.26
-4501.08,3026.45
2070.71,-9737.79
-3329.34,-3681.34
7994.82,-4387.53
-1734.14,-2143.6
8052.71,3914.18
3424.33,5512.87
-5474.66,-3608.36
4046.71,-4378.17
-1406.41,4058.35
216.098,89.0118
-11075.9,-6870.52
1224.61,-7895.1
5542.79,914.462
-2890.63,-302.182
-1509.97,557.359
2137.63,1731.05
-1115,-5596.86
645.166,-2285.33
251.632,-4609.04
-1188.13,3166.61
-1469.58,-5094.95
2177.86,2139.17
-2109.15,-4449.52
316.528,1750.88
1322.37,857.945
82.1437,-1419.3
-6795.6,-933.495
-1167.91,-2070.52
-984.617,-4627
-5277.31,-1357.07
-561.488,3693.6
-2435.16,-3484.43
-3269.97,-2375.13
1490.2,1668.27
340.282,2412.53
136.608,1098.18
6783.07,-2817.14
-1850.09,2552.1
2871.9,1620.2
531.443,1555.01
1592.42,472.237
-4943.46,596.229
1820.99,136.788
2589.08,-238.656
9050.33,-1970.25
-3454.94,694.282
5567.03,4369.83
5159.82,2461.53
2265.02,5548.17
-9119.09,-1582.9
362.779,-8218.36
4509.97,-957.795
-3605.9,4439.38
-7733.89,-9141.83
-4771.7,-612.33
-1976.33,5073.57
3683.48,-4087.47
3679.92,-8893.66
8732.43,5671.27
4703.28,2553.26
-4912.15,-3779.19
7289.03,6081.66
11345.9,199.926
-3158.47,4064.94
6273.37,8475.56
2484.55,2761.87
-4715.98,3702.82
-3016.99,9377.1
1059.76,1713.72
-3941.28,-2171.13
-7856.96,-4944.04
-2491.28,-2962.67
4545.84,1326.13
3284.76,2274.26
-2119.62,213.372
-3928.62,-3239.55
6101.53,1125.12
1907.38,7246.4
-11438,903.473
688.708,-4451.14
-2234.71,1344.01
1113.08,2248.23
5361.83,-1935.79
-2713.15,4157.66
598.621,1047.16
-5993.56,-8372.84
-1370.06,393.412
147.285,-2170.98
-714.06,4194.95
1988.01,-1363.92
-1511.63,7247
-3068.42,-1043.07
6994.44,-3997.82
1056.61,4297.29
-581.686,537.748
-5566.49,-5012.93
4887.4,2030.8
1850.74,2211.3
-6065.93,1071.55
-4471.03,4303.66
4901.76,5726.13
-2744.22,1901.9
-7336.53,2141.91
10907.9,3104.79
309.617,-3895.97
-16785.6,-5592.05
-1303.96,612.282
-10631.9,-7937.31
-9235.59,10330.4
-6370.04,-1508.6
-4581.01,2101.52
-9912.43,-710.827
6217.12,-14325.3
-100.302,17536
-19086.7,-12043.9
16.3163,-16350.1
-7881.89,-2092.28
27227.2,-2870.62
-16536.1,46328.3
-41141.8,-38260.8
26983.4,15561.2
-20014.9,7412.33
-5926.49,-9281.47
-8654.45,-25546.7
-9794.89,-25753.6
23722.6,1265.59
-59783.5,-15706.5
-11207.3,-97995
50585.8,28485.7
27332.5,-37033.1
17354.7,3236.89
12329.8,55543.1
-4105.05,9008.55
27810.4,-35564
14837.8,-17268.5
-244.273,4858.47
-13346.7,28039.5
13222.5,-11166.5
2937.51,-14488.6
-6816.8,5278.68
20769.4,3487.88
-3180.5,128.003
-701.055,2030.12
-1317.82,-1048.62
22276.1,-467.526
-552.232,-4264.57
2486.96,-3833.08
3153.49,-9044.46
-950.604,11299.1
1928.91,-2936.8
-1845.24,1060.15
2723.37,-3890.13
-1465.36,11.149
-7606.35,-1472.37
10869.6,-8357.38
6779.54,-2951.11
5781.5,-6718.49
3649.11,-2842.48
4069.91,4524.23
940.084,7897.82
-2315.24,-2973.5
-7844.49,-4566.01
-2827.75,-2330.14
1796.24,4338.3
-1262.42,-8726.69
12341.5,-7522.79
13084.1,1133.5
3378.9,4047.54
-967.878,-191.852
-2503,655.087
8922.35,8718.79
-5503.91,-994.037
-5132.41,-4162.5
-1579.59,190.352
6223.94,-1947.56
5434.29,5770.23
-5520.58,3632.59
3518.01,-3002.91
8737.18,3721.8
-15771.3,982.003
-3398.08,-12120
11276.6,-5532.09
15391.5,896.512
-4314.26,-1559.47
-2556.94,2942.41
2651.99,11728.5
1687.12,-1793.87
2057.7,-5470.89
-9121.04,-725.463
8421.53,-8150.71
-1142.91,-2913.65
-13204.3,11635.6
29.538,-3596.16
10723.3,-5341.26
-8876.6,1410.84
-11263.3,4481.77
20101.7,-976.911
9498.79,-17935.3
8995.51,-15965.7
11431.6,5767.21
2739.07,1836.68
-246.558,-4360.68
-11037.9,-22414.7
-354.617,12718.5
-9745.22,-29165.3
10975.4,-9467.48
22650.7,10594.1
-28984.1,14003.7
-27254.6,6575.32
-40782.7,-16277.1
13427.5,-5782.08
24460.1,-8624.57
18449.7,-32689.7
-2164.59,-3392.27
-13410.7,14352
26272.4,374.071
-13777.5,4732.4
13998.3,6883.35
-19763.5,5398.95
28284.5,-24263.4
-7353.16,-12392.1
-13445.8,-246.846
12275.9,-5922.62
-2721.81,-42611.8
43808.8,-1102.14
28871.5,-36948.2
-655.607,-9748.61
20440.3,-13221.5
-5783.09,-40499.9
22225.6,-4732.11
36988.7,13412.5
30774.7,-12907.5
12417.8,110030
-48450.9,29799.5
-15953,7092.4
-18442.6,17375.4
-26239.9,-16591.3
28280.9,14114.5
-10425.6,22769.5
20270.8,4798.13
-23503.3,2097.55
-411.564,-44376.6
30460.9,-10620.4
38640.5,12375.7
-18623.9,25645.9
8296.76,27851.1
-27037,75711
-84502.4,-140497
19711.1,-82758.6
522.652,-7427.97
313.554,330.737
27277,23489.8
101397,-70155.5
-51005.2,6246.98
-14573,69505.5
19670.9,2818.27
92236.6,63307.2
-32230.9,-91.3069
-23758.2,-29884.7
105727,-1748.05
-25017.3,67246.1
-47725.2,49510.4
-43991.3,-2564.7
-37278.5,-41232.7
31356.9,-79784.2
5339.52,7381.7
-24331.5,-26505.9
28355.5,-95101.6
-37044.9,-1742.19
-69843.5,91121.7
-5634.85,-24671.2
-4472.92,-17478.5
-43927.5,6855.33
2129.15,-4123.96
-13628.9,7345.17
9039.54,2723.08
-32925.5,-32028.7
53314.4,-9828.18
1787.99,-13703.5
42494.6,-3041.16
1235.81,14421
19878.4,5325.8
21136.8,25651
-9615.2,45435
-17178.3,4522.95
-26451.5,3255.7
17723.6,-15199.6
-27579.6,-9234.55
5727.27,-10713.7
33115.9,-8372.02
-4534.3,13267.7
-13610.2,6788.98
654.286,-4445.87
12694.7,-10767.6
9668.1,-2887.02
-9713.74,-10805.1
-1981.88,-2597.66
5854.03,-10239.7
-6750.79,-507.874
-6257.25,4488.99
8990.79,-13573.5
7007.43,-7587.45
3448.66,-5037.84
8775.52,2257.37
13081.8,-2862.99
12593.3,-3549.59
29008,7314.56
30532.2,34787.9
-25570.7,20505.5
-8674.14,-1811.74
10914.9,419.508
-12509.8,1034.31
8136.72,15674.7
350.12,15105.7
26095.6,781.07
9474.17,40768.9
-15112.8,-23960.1
-193.698,-18929.7
15919.6,-23788.7
-18319.8,-361.417
-4028.67,6939.92
7440.19,1615.03
-21095.9,29507.4
-53973,-23954
52600.6,7517.53
-24641.2,-40740.4
24517.9,-9464.76
15261.4,-12537.2
27606.1,21286.8
-49097.1,8344.5
-5472.58,-57218.8
36916.9,-28459.2
-9335.24,-22432.4
61642.5,-12727.1
7694.24,34899.5
7933.65,-49650
13563.5,-13445.2
20293.4,17039.2
19572.9,34774.3
-6747.54,14666.2
-34793.5,45530.6
-78349.1,4664.86
-30235.7,-27627.9
-3590.43,-1818.73
11277,-5788.12
-175.382,-419.695
2437.92,5110.08
13469.5,-29067.9
33928.8,-3432.72
5681.08,7237.04
-26704.8,2177.74
13744,37562.2
7277.59,-6274.87
9407.38,-16983.2
7505.51,-545.36
25912.6,-392.175
-10469.8,5337.04
15005.9,-45064.5
24407.3,60610.1
29443.5,6891.07
-15934.2,49733.3
-32119.4,-9311.24
-20387.8,-6419.27
-16145,-7523.87
-3032.43,-8260.89
12526.5,13013.7
-34943.5,45306.8
22722.5,-43531.1
-36219,-29938.1
-37432.4,-42022.1
48975.7,-32575.8
1146.56,11360.4
-4092.83,-10520.5
-1772.14,-30939.4
31761.1,-21529.2
20794.1,5387.67
-15726.6,16404.5
20462.6,-9464.36
61.2983,6667.44
17512,9053.01
21498.1,-8216.7
44562,-4626.99
-29666,-47502.1
-21199.8,-45383.3
-208.414,10063.9
-48481.3,48049.1
79568.4,-7666.83
12296.8,55163
-52575.7,-24232.1
-19262.3,11453.1
-74549.4,-11019.4
-10554.7,3429.46
-39763,-33824.1
27732.2,-70541.2
54306.4,96439.3
-2899.02,-3060.99
35103,33631.2
-51550.1,1589.19
-9445.49,-80485.4
-79424.5,29430.9
64517.8,-84663.5
34235.5,18746.3
12649.1,13651.5
96612.8,-25259
168023,45586.7
-25918.9,-64603.8
90732.8,725.023
-7845.5,-28652.2
20169.6,21568.5
-98170.2,-95754.2
148022,-54821.7
-141503,6925.49
-23255.1,11568.6
-57540.5,-93722.3
16385.7,-204459
114508,203378
61242.4,130252
64124.6,35469.2
119683,214233
55878.5,66004.8
-49870.7,84793.1
-88865,16612.2
59688.6,-47425.8
132813,-29896.7
5874.29,127239
-557794,-30239.9
208673,-230913
287873,350481
-457192,-141094
-159060,-229020
-244678,-221780
-140940,-43553
-44279.6,-230017
710161,411237
-407477,68063.7
-572651,-445783
285734,-242483
-25859.3,246698
19969.9,60520
246401,43738.4
131634,-19540.5
-108880,28538
148676,-47895.2
154427,127422
23951.9,13365
85412.1,-68697.6
-68846.6,90691.4
67352.1,12732.4
-3793.96,96988.3
-24759.8,204.474
16125.3,10642.5
25518.8,-19584
-15738.2,90604.8
-14085.4,70163.3
-35916.4,71482.2
-50711.8,-41993.2
-55227.5,-12861.6
-13044.8,-21773.2
-6211.87,20151.6
-2377.2,1518.34
4641.97,29890
-18462.3,-20897.9
-30365.9,16373.9
-17318.5,15760.9
-24017.4,46792
-12327.3,32719.3
-55055.4,38760.8
5862.93,24633.6
-29168.8,22389.1
-56456.4,8087.76
-37734.3,-39622.5
-33863.7,87217.8
-139174,-183337
48680.8,-89917.2
-13520.8,-24767.6
-55424.5,-36579.2
5908.04,-4589.09
82239.5,-8237.37
15123.7,-3170.93
7196.83,43304.5
-153168,-16315.9
12510.7,47264.9
-17148.2,-20712.3
35184.1,-92025.4
21907.1,-75327.6
31578.4,6806.13
109975,39790.3
-63074.4,-5999.57
41171.8,-38338.1
-89264.6,-83554.8
-67786.8,10562.1
-59142.8,-107982
-50874.7,37396.2
79099.9,-29673.5
41300.1,65661
-2621.72,-108634
-33036.1,-59706.3
45270.6,-61741.4
46958.6,25641.1
4702.79,-25468.9
-35608.4,20082.4
61328.7,80488.1
-10145.4,55556.5
-63499.1,7104.96
63845.9,39422.2
-129597,46060.6
19553.5,-63909.6
-25807,-57562
7721.06,-7573.15
-69859.4,-10308
-2854.71,63020.5
-12280.9,17091.7
-40972.6,25433.5
9520.94,46987.8
-29612,13121.7
-21354.2,-11186.8
-26464.8,-25633.6
-47971.4,8762.66
-30406.8,16896.5
5933.98,-19017.9
73241.5,6891.7
-31059.2,8335.87
-39106.3,7276.22
34349.1,73674.3
74649.3,-10824.3
-52650.7,11938.1
-44687.8,30582.3
-115.754,-17553.9
-42849,14875.9
58299,-27355.3
-19101.3,-2342.86
14806,-5072.29
-19390.4,-31217.2
-6194.59,-461.71
-18033.9,16771
-5510.29,-7565.21
-11442.8,-154.178
-9679.63,-20393.3
-30426,-18061.7
-22358.4,-2304.45
-92654.4,-52611.5
77407.8,47217.7
20701.7,14166.7
11585.2,896.435
-1243.84,1520.97
-3924.78,-455.279
14009.2,-7664.95
5055.01,5612.26
4435.18,16742.1
7803.96,14812.7
255.765,-1153.22
-1325.57,-8529.85
